	GCF_000721535.1 | Streptomyces hygroscopicus NRRL B-1477 - ST 316:203	GCF_001553435.1 | Streptomyces hygroscopicus NBRC 16556 - ST 78:204	GCF_001553455.1 | Streptomyces hygroscopicus NBRC 13472 - ST 56:205	GCF_001553475.1 | Streptomyces hygroscopicus NBRC 12859 - ST 56:206	GCF_001570645.1 | Streptomyces hygroscopicus NBRC 100766 - ST 78:207	GCF_001652895.1 | Streptomyces sp. NBRC 109436 - ST 401:208	GCF_001705785.1 | Streptomyces hygroscopicus OsiSh-2 - ST 403:209
GCF_000721535.1 | Streptomyces hygroscopicus NRRL B-1477 - ST 316:203	9919231	8936367	8570238	8665484	8883439	8829275	8894743
GCF_001553435.1 | Streptomyces hygroscopicus NBRC 16556 - ST 78:204	8936367	10141569	8632159	8711890	9730555	9550054	9694555
GCF_001553455.1 | Streptomyces hygroscopicus NBRC 13472 - ST 56:205	8570238	8632159	9464604	9114041	8678958	8636298	8659755
GCF_001553475.1 | Streptomyces hygroscopicus NBRC 12859 - ST 56:206	8665484	8711890	9114041	9781661	8685294	8704933	8725427
GCF_001570645.1 | Streptomyces hygroscopicus NBRC 100766 - ST 78:207	8883439	9730555	8678958	8685294	10165415	9479028	9766688
GCF_001652895.1 | Streptomyces sp. NBRC 109436 - ST 401:208	8829275	9550054	8636298	8704933	9479028	9888645	9478498
GCF_001705785.1 | Streptomyces hygroscopicus OsiSh-2 - ST 403:209	8894743	9694555	8659755	8725427	9766688	9478498	10242506
