	GCF_000721535.1 | Streptomyces hygroscopicus NRRL B-1477 - ST 316:203	GCF_001553435.1 | Streptomyces hygroscopicus NBRC 16556 - ST 78:204	GCF_001553455.1 | Streptomyces hygroscopicus NBRC 13472 - ST 56:205	GCF_001553475.1 | Streptomyces hygroscopicus NBRC 12859 - ST 56:206	GCF_001570645.1 | Streptomyces hygroscopicus NBRC 100766 - ST 78:207	GCF_001652895.1 | Streptomyces sp. NBRC 109436 - ST 401:208	GCF_001705785.1 | Streptomyces hygroscopicus OsiSh-2 - ST 403:209
GCF_000721535.1 | Streptomyces hygroscopicus NRRL B-1477 - ST 316:203	1.0	0.9757731526000001	0.9771777633000001	0.9769021557	0.9757941716	0.9757194107	0.9753823129
GCF_001553435.1 | Streptomyces hygroscopicus NBRC 16556 - ST 78:204	0.9757731526000001	1.0	0.9763474005	0.9763368224000001	0.9910989661	0.9877004884	0.9903402477000001
GCF_001553455.1 | Streptomyces hygroscopicus NBRC 13472 - ST 56:205	0.9771777633000001	0.9763474005	1.0	0.9895812406000001	0.9760828431	0.9762603143	0.9761769242
GCF_001553475.1 | Streptomyces hygroscopicus NBRC 12859 - ST 56:206	0.9769021557	0.9763368224000001	0.9895812406000001	1.0	0.9762454789	0.9764712721000001	0.9761187619
GCF_001570645.1 | Streptomyces hygroscopicus NBRC 100766 - ST 78:207	0.9757941716	0.9910989661	0.9760828431	0.9762454789	1.0	0.9870344301	0.9913841826
GCF_001652895.1 | Streptomyces sp. NBRC 109436 - ST 401:208	0.9757194107	0.9877004884	0.9762603143	0.9764712721000001	0.9870344301	1.0	0.9872948224
GCF_001705785.1 | Streptomyces hygroscopicus OsiSh-2 - ST 403:209	0.9753823129	0.9903402477000001	0.9761769242	0.9761187619	0.9913841826	0.9872948224	1.0
