	GCF_000253235.1 | Streptomyces venezuelae ATCC 10712 - ST 244:320	GCF_001418135.1 | Streptomyces aureus NRRL B-2808 - ST 368:321	GCF_001886595.1 | Streptomyces venezuelae NRRL B-65442 - ST 17:322	GCF_008639045.1 | Streptomyces venezuelae ATCC 21113 - ST 599:323	GCF_008639165.1 | Streptomyces venezuelae ATCC 10712 - ST 17:324	GCF_008705255.1 | Streptomyces venezuelae ATCC 10595 - ST 607:325
GCF_000253235.1 | Streptomyces venezuelae ATCC 10712 - ST 244:320	1.0	0.9116279877000001	0.999413018	0.9841743511000001	0.9994078481	0.9814882428
GCF_001418135.1 | Streptomyces aureus NRRL B-2808 - ST 368:321	0.9116279877000001	1.0	0.9114523415	0.9118153170000001	0.9115148828	0.9116862256
GCF_001886595.1 | Streptomyces venezuelae NRRL B-65442 - ST 17:322	0.999413018	0.9114523415	1.0	0.9847158642	0.9999902703	0.9818352175
GCF_008639045.1 | Streptomyces venezuelae ATCC 21113 - ST 599:323	0.9841743511000001	0.9118153170000001	0.9847158642	1.0	0.9847040415	0.9813307775000001
GCF_008639165.1 | Streptomyces venezuelae ATCC 10712 - ST 17:324	0.9994078481	0.9115148828	0.9999902703	0.9847040415	1.0	0.9818678806000001
GCF_008705255.1 | Streptomyces venezuelae ATCC 10595 - ST 607:325	0.9814882428	0.9116862256	0.9818352175	0.9813307775000001	0.9818678806000001	1.0
