	GCF_000261345.2 | Streptomyces globisporus C-1027 - ST 245:245	GCF_000498935.1 | Streptomyces sp. HCCB10043 - ST 259:246	GCF_000698495.1 | Streptomyces sp. NTK 937 - ST 265:247	GCF_000719355.1 | Streptomyces griseus NRRL F-5144 - ST 292:248	GCF_000721185.1 | Streptomyces griseolus NRRL B-2925 - ST 314:249	GCF_000743295.1 | Streptomyces sp. JS01 - ST 329:250	GCF_001746305.1 | Streptomyces sp. EN23 - ST 408:251	GCF_001751305.1 | Streptomyces nanshensis SCSIO M10372 - ST 410:252	GCF_001905405.1 | Streptomyces sp. TSRI0445 - ST 416:253	GCF_001905785.1 | Streptomyces sp. CB02130 - ST 422:254	GCF_002154385.1 | Streptomyces albovinaceus NRRL B-2566 - ST 24:255	GCF_002217715.1 | Streptomyces sp. SS07 - ST 442:256	GCF_002551105.1 | Streptomyces sp. st170 - ST 451:257	GCF_002551135.1 | Streptomyces sp. st140 - ST 452:258	GCF_002551175.1 | Streptomyces sp. st77 - ST 454:259	GCF_002551335.1 | Streptomyces sp. ms184 - ST 457:260	GCF_002551345.1 | Streptomyces sp. ms115 - ST 458:261	GCF_002551375.1 | Streptomyces sp. gb14 - ST 459:262	GCF_002551415.1 | Streptomyces sp. f51 - ST 460:263	GCF_002551435.1 | Streptomyces sp. f150 - ST 462:264	GCF_002551475.1 | Streptomyces sp. b62 - ST 464:265	GCF_002705695.1 | Streptomyces sp. OspMP-M45 - ST 465:266	GCF_002803175.1 | Streptomyces sp. CB02613 - ST 469:267	GCF_002804165.1 | Streptomyces cavourensis 1AS2a - ST 470:268	GCF_002832675.1 | Streptomyces sp. S063 - ST 471:269	GCF_002910775.2 | Streptomyces sp. SM18 - ST 478:270	GCF_003024215.1 | Streptomyces sp. CS149 - ST 486:271	GCF_003116755.1 | Streptomyces sp. CS131 - ST 494:272	GCF_003116775.1 | Streptomyces sp. CS147 - ST 495:273	GCF_003147545.1 | Streptomyces globisporus TFH56 - ST 338:274	GCF_003330865.1 | Streptomyces atratus SCSIO_ZH16 - ST 499:275	GCF_003352445.1 | Streptomyces cavourensis TJ430 - ST 500:276	GCF_003353555.1 | Streptomyces sp. HB202 - ST 501:277	GCF_003949895.1 | Streptomyces sp. WAC04770 - ST 535:278	GCF_003989035.1 | Streptomyces sp. NP10 - ST 546:279	GCF_004000405.1 | Streptomyces sp. B27 - ST 549:280	GCF_006788935.1 | Streptomyces cavourensis DSM 41795 - ST 583:281	GCF_008180165.1 | Streptomyces parvus C05 - ST 595:282	GCF_008632535.1 | Streptomyces parvus NRRL B-1455 - ST 596:283	GCF_009811575.1 | Streptomyces glebosus NBRC 13786 - ST 614:284	GCF_009862465.1 | Streptomyces sp. SID4941 - ST 624:285	GCF_009863145.1 | Streptomyces sp. SID4937 - ST 631:286	GCF_009863235.1 | Streptomyces sp. SID4925 - ST 465:287	GCF_009864905.1 | Streptomyces sp. SID8378 - ST 633:288	GCF_009865365.1 | Streptomyces sp. SID4912 - ST 260:289	GCF_009872565.1 | Streptomyces sp. SID5614 - ST 642:290	GCF_010548175.1 | Streptomyces halstedii SID11342 - ST 647:291	GCF_010548665.1 | Streptomyces parvus SID7590 - ST 654:292	GCF_013363455.1 | Streptomyces sp. CAI-121 - ST 672:293	GCF_013363475.1 | Streptomyces sp. KAI-26 - ST 674:294	GCF_013363655.1 | Streptomyces sp. CAI 127 - ST 676:295	GCF_013363665.1 | Streptomyces sp. CAI-68 - ST 672:296	GCF_013363675.1 | Streptomyces sp. CAI-24 - ST 677:297	GCF_013363735.1 | Streptomyces sp. CAI-155 - ST 678:298	GCF_014648655.1 | Streptomyces atratus JCM 3386 - ST 702:299	GCF_014648875.1 | Streptomyces parvus JCM 4069 - ST 596:300	GCF_014649215.1 | Streptomyces cavourensis JCM 4298 - ST 583:301	GCF_014649535.1 | Streptomyces gelaticus JCM 4376 - ST 706:302	GCF_014649875.1 | Streptomyces rubiginosohelvolus JCM 4415 - ST 708:303	GCF_014656235.1 | Streptomyces glebosus JCM 4954 - ST 614:304	GCF_016612575.1 | Streptomyces sp. MBT67 - ST 734:305	GCF_016612645.1 | Streptomyces sp. MBT61 - ST 734:306	GCF_016612665.1 | Streptomyces sp. MBT60 - ST 736:307	GCF_016612705.1 | Streptomyces sp. MBT56 - ST 737:308	GCF_016612725.1 | Streptomyces sp. MBT54 - ST 737:309	GCF_016612775.1 | Streptomyces sp. MBT98 - ST 737:310	GCF_016654055.1 | Streptomyces sp. MBT55 - ST 740:311	GCF_016654065.1 | Streptomyces sp. MBT59 - ST 734:312	GCF_900090065.1 | Streptomyces sp. OspMP-M45 - ST 465:313	GCF_900091745.1 | Streptomyces sp. DpondAA-D4 - ST 260:314	GCF_900091765.1 | Streptomyces sp. PalvLS-984 - ST 624:315	GCF_900091775.1 | Streptomyces sp. ScaeMP-e83 - ST 631:316	GCF_900091865.1 | Streptomyces sp. DvalAA-19 - ST 791:317	GCF_900092005.1 | Streptomyces sp. Cmuel-A718b - ST 794:318	GCF_900187925.1 | Streptomyces sp. PgraA7 - ST 633:319
GCF_000261345.2 | Streptomyces globisporus C-1027 - ST 245:245	1	260113	415721	226535	417938	222241	354203	510065	267139	34049	236278	220648	268534	229081	339465	182238	220907	235242	228517	226294	229248	417969	309077	543770	357288	418464	339470	340559	337731	265537	421790	544287	266462	501526	225806	535221	543434	324500	332734	224170	413669	556376	417969	339186	416333	226946	404250	304608	335278	543595	334748	335130	545267	543273	420029	340511	543027	415728	228166	224018	217739	217003	216375	251387	253710	255688	260336	217564	417969	414863	413428	556084	538101	337891	339186
GCF_000498935.1 | Streptomyces sp. HCCB10043 - ST 259:246	260113	1	359684	259099	357917	255978	261727	405857	267066	260756	254077	254386	268711	258248	191942	253374	255992	258365	257091	259944	260448	356138	174895	425849	259602	354583	176088	187782	188961	267443	364517	427185	267723	403118	260119	422819	425304	170388	185535	201678	356890	436975	356138	191231	357323	254021	351874	164053	175473	426019	175233	175101	427694	423403	364853	188687	425625	358639	258500	201880	249360	249528	249053	262025	262086	263546	264948	247678	356138	357233	356575	436961	427233	189180	191231
GCF_000698495.1 | Streptomyces sp. NTK 937 - ST 265:247	415721	359684	1	420300	94347	423161	412439	385066	417581	419186	390831	417701	418273	415971	416148	415709	415592	417430	412801	416395	418415	91879	405465	410569	412722	244218	417153	419547	415238	414673	393225	411895	421774	395924	417617	405729	413212	418902	416393	202526	118612	434597	91879	419539	92382	411724	231106	391205	416651	411826	414116	416149	410462	410891	393765	419741	412048	392205	420445	202871	412563	410845	406008	414328	415591	420260	419258	409742	91879	91310	118364	434370	414628	416845	419539
GCF_000719355.1 | Streptomyces griseus NRRL F-5144 - ST 292:248	226535	259099	420300	1	421030	148908	354070	511610	258842	228446	231234	148644	259394	127276	337527	215243	148575	181110	176103	115811	33202	421148	303618	545222	359663	418796	335805	336074	336049	258560	426851	543959	260016	501283	32530	530978	543006	323794	330239	223541	415860	558123	421148	339853	418403	171914	409016	304018	331582	544242	334295	331506	544711	544523	427830	337749	543131	416327	33030	223933	146549	146709	146940	250869	253326	255175	256299	146696	421148	417768	415644	557898	541006	334590	339853
GCF_000721185.1 | Streptomyces griseolus NRRL B-2925 - ST 314:249	417938	357917	94347	421030	1	422026	408937	384957	417981	417502	388681	418410	412721	416103	416659	417361	419178	420532	414063	420097	420732	53558	405543	414366	409972	246554	415767	417604	415917	415552	393729	413662	419262	406420	419277	405708	413605	418370	414585	204734	109450	436872	53558	417088	55259	416256	238341	391149	419135	415747	415180	418771	414006	414275	395074	418565	413839	391968	421610	204978	413892	411022	407166	410794	411863	415752	416450	409781	53558	54554	109132	436729	420338	416514	417088
GCF_000743295.1 | Streptomyces sp. JS01 - ST 329:250	222241	255978	423161	148908	422026	1	350356	509243	265222	224795	234133	85864	263860	146814	329735	216053	91400	177973	172570	147608	149232	419542	298386	539641	354339	420121	330848	330919	327696	260034	427796	540618	266612	499842	148525	532285	538350	321994	322753	224401	412365	554665	419542	331610	417307	169715	409790	300128	333225	538605	330396	332400	538910	538918	424128	330421	538455	417818	149735	224812	91705	89013	89851	260679	262535	264914	263419	89304	419542	416344	412238	554439	536556	328633	331610
GCF_001746305.1 | Streptomyces sp. EN23 - ST 408:251	354203	261727	412439	354070	408937	350356	1	491677	364188	354711	327082	348610	362671	351675	347944	339348	348964	356138	349866	353160	357163	409653	312438	520640	53142	410665	343790	338970	341986	363993	400464	521847	366198	482674	355515	516349	518209	325152	332732	207824	405392	528605	409653	344041	410480	347736	401581	300071	336886	521442	338889	336639	522272	519286	403760	341607	518362	396699	355183	208474	339772	338810	336432	345876	346785	350588	352505	338377	409653	409638	405113	528484	517471	337135	344041
GCF_001751305.1 | Streptomyces nanshensis SCSIO M10372 - ST 410:252	510065	405857	385066	511610	384957	509243	491677	1	507423	512624	458553	508586	508421	506548	511155	509273	508172	518193	509539	519924	512904	383300	473303	231826	493136	390724	511502	518536	511147	511040	386906	235173	515055	204591	513691	188094	233881	519958	503527	207256	377422	472456	383300	514272	386703	505903	379658	482345	520405	234612	514736	519919	234476	232125	381677	511855	232958	384055	514076	207425	498270	495334	495875	507691	510317	513951	512593	492910	383300	385829	377265	472341	236577	515920	514272
GCF_001905405.1 | Streptomyces sp. TSRI0445 - ST 416:253	267139	267066	417581	258842	417981	265222	364188	507423	1	265515	39522	263100	44017	265180	351017	242184	262302	271342	265846	260565	259429	417431	312889	542385	366457	419660	346745	349150	349020	28469	423746	545035	42440	502992	258864	529595	543118	332792	338987	220656	410250	557359	417431	350657	418365	263561	406938	307856	342053	546011	342798	341729	544911	543324	423103	347108	543481	408176	259968	221023	252905	251980	255068	152480	153692	154857	156188	252861	417431	417354	409980	557150	535200	344711	350657
GCF_001905785.1 | Streptomyces sp. CB02130 - ST 422:254	34049	260756	419186	228446	417502	224795	354711	512624	265515	1	235016	221566	269221	232244	341960	182603	220773	236850	229981	229405	227467	417948	311698	545698	355365	418804	338389	344231	339495	266286	421088	547161	270142	504110	229057	536416	544802	327661	335852	223261	410920	558603	417948	343508	414260	226533	403364	305478	333528	544836	334064	333361	548542	543752	417895	343408	544729	414845	227328	223971	220476	218862	216892	258055	259757	262581	261034	218807	417948	412919	410760	558328	538269	339883	343508
GCF_002154385.1 | Streptomyces albovinaceus NRRL B-2566 - ST 24:255	236278	254077	390831	231234	388681	234133	327082	458553	39522	235016	1	229512	36160	234274	312922	216013	230023	243400	236896	230350	230826	388253	277802	490715	330113	390705	308668	310354	309986	37013	399611	491915	32404	458754	230520	479896	491215	299931	304452	207503	386673	499279	388253	311215	388702	236179	379446	276904	305048	492484	306792	304730	491226	490550	398573	308783	491210	383534	231571	208003	228688	228194	227640	139208	139919	141129	143320	228513	388253	388250	386524	499176	483846	306544	311215
GCF_002217715.1 | Streptomyces sp. SS07 - ST 442:256	220648	254386	417701	148644	418410	85864	348610	508586	263100	221566	229512	1	259163	146569	327897	214736	85659	176349	172056	145872	148339	418120	298930	543150	350264	415507	331032	329939	327470	258701	425155	546189	263383	498806	149020	531220	543479	318788	327132	226882	409808	557099	418120	329173	416502	169619	408061	301513	330881	544017	329495	330222	542748	542997	424566	334869	542396	416254	150292	227358	88685	88488	85467	254368	256374	257957	258532	89141	418120	415309	409663	556993	539788	327566	329173
GCF_002551105.1 | Streptomyces sp. st170 - ST 451:257	268534	268711	418273	259394	412721	263860	362671	508421	44017	269221	36160	259163	1	262949	351373	238640	257376	270599	266695	257602	258769	412603	314137	536948	363686	415680	344069	351680	346984	39392	423408	538863	38073	498273	258658	527826	538164	332662	342804	220208	404903	553704	412603	351621	414712	264524	405842	308437	340276	540931	339879	340062	539800	536875	420571	351355	538307	405889	259949	220727	254386	253680	251524	157117	158862	160756	161801	253853	412603	413944	404743	553573	532843	346614	351621
GCF_002551135.1 | Streptomyces sp. st140 - ST 452:258	229081	258248	415971	127276	416103	146814	351675	506548	265180	232244	234274	146569	262949	1	337066	217498	146131	181263	177442	124999	130115	416058	302757	532698	353709	416598	332366	331365	332426	261536	425493	532496	268258	495373	129088	525486	535107	320520	326839	224821	413307	552128	416058	333985	414601	174899	407380	300782	330663	533488	331338	330332	534452	535931	425695	333824	535037	413747	128044	225127	143214	142733	144301	252959	254637	257471	259127	143273	416058	413817	413170	551981	533694	332648	333985
GCF_002551175.1 | Streptomyces sp. st77 - ST 454:259	339465	191942	416148	337527	416659	329735	347944	511155	351017	341960	312922	327897	351373	337066	1	326745	329844	342254	332536	338933	340732	418181	154128	542168	351194	420419	226705	169820	48436	350933	423871	541087	355325	500869	338555	532306	541208	215495	161917	222637	410346	559195	418181	48187	415932	332323	408489	206780	213296	543967	213157	212961	541523	542188	423539	166939	541308	414694	337206	222648	324417	323618	320062	336542	338980	341144	344097	323025	418181	415006	410168	558975	536749	163815	48187
GCF_002551335.1 | Streptomyces sp. ms184 - ST 457:260	182238	253374	415709	215243	417361	216053	339348	509273	242184	182603	216013	214736	238640	217498	326745	1	215685	228092	226221	219582	216810	416799	291930	538502	342841	414789	322410	326256	323843	239451	420290	539886	245507	508820	214304	522590	536761	319371	318643	222089	411085	555914	416799	327005	415069	219858	405415	304570	327555	539178	328899	327058	539867	535530	419186	325300	536466	410825	214545	222392	211050	211072	207925	242041	243057	245096	247282	210499	416799	414260	410872	555700	546450	328224	327005
GCF_002551345.1 | Streptomyces sp. ms115 - ST 458:261	220907	255992	415592	148575	419178	91400	348964	508172	262302	220773	230023	85659	257376	146131	329844	215685	1	177040	172322	144037	148812	417546	299742	541679	349175	413761	328664	329495	329823	257455	422107	541287	262351	501389	149270	528094	541171	319958	322136	224225	409951	553420	417546	330700	416419	169882	408126	302035	328397	541064	327409	328016	541603	541019	422808	329429	541327	417930	151207	224887	96127	96153	63104	254166	256121	257742	258687	95945	417546	415623	409807	553177	540311	327952	330700
GCF_002551375.1 | Streptomyces sp. gb14 - ST 459:262	235242	258365	417430	181110	420532	177973	356138	518193	271342	236850	243400	176349	270599	181263	342254	228092	177040	1	73858	181533	180064	420992	308268	544870	359313	417271	337821	345774	339329	271272	427031	544108	272160	507760	178743	533859	542589	329310	334110	222503	412708	557969	420992	342327	420213	71369	408022	310685	338744	540319	341421	338645	540983	541477	426450	342563	542569	415390	180939	222639	175985	175503	174781	268230	269853	271886	274466	176472	420992	419136	412511	557854	544853	343757	342327
GCF_002551415.1 | Streptomyces sp. f51 - ST 460:263	228517	257091	412801	176103	414063	172570	349866	509539	265846	229981	236896	172056	266695	177442	332536	226221	172322	73858	1	179679	175704	413527	301693	534553	351216	414832	331637	337799	329762	264751	416487	532741	266618	507311	173950	524753	530719	328678	328270	220553	408337	548725	413527	333383	412463	62004	402768	309344	335452	532714	335979	335247	531780	533697	415453	335373	530894	411616	174884	220991	170781	170281	169706	262956	264805	266837	269208	171124	413527	411749	408176	548499	538302	338380	333383
GCF_002551435.1 | Streptomyces sp. f150 - ST 462:264	226294	259944	416395	115811	420097	147608	353160	519924	260565	229405	230350	145872	257602	124999	338933	219582	144037	181533	179679	1	118081	418792	308247	540826	356102	418933	336099	337827	335730	257448	429101	538926	263579	507133	118092	532157	538698	329155	332393	223314	411413	559056	418792	336325	418718	176814	407144	307606	336854	538958	337929	336963	538985	538250	428817	339797	538785	419030	116726	224348	142172	142367	140713	253139	255770	257596	259837	142633	418792	417976	411234	558957	550451	341049	336325
GCF_002551475.1 | Streptomyces sp. b62 - ST 464:265	229248	260448	418415	33202	420732	149232	357163	512904	259429	227467	230826	148339	258769	130115	340732	216810	148812	180064	175704	118081	1	419636	304700	545069	362506	416478	336890	335442	337928	258739	425399	544192	261284	504857	32194	534074	543273	325517	330323	224390	414004	561817	419636	341794	419662	172694	409738	303162	333541	545771	336396	333499	543954	544191	427007	337155	543383	417229	32390	224927	148361	148556	147523	251096	252787	254606	257884	148551	419636	419049	413789	561571	541580	333558	341794
GCF_002705695.1 | Streptomyces sp. OspMP-M45 - ST 465:266	417969	356138	91879	421148	53558	419542	409653	383300	417431	417948	388253	418120	412603	416058	418181	416799	417546	420992	413527	418792	419636	1	405378	415748	408762	248620	415767	417889	414847	414850	393763	414955	418885	404360	419914	407143	415472	418623	415471	203669	111089	437777	0	417452	48625	414410	235479	391848	416735	415751	414869	416516	413971	414979	395780	419205	415264	388366	421507	204065	413943	411944	407555	409301	410206	414678	414535	411065	0	48001	110858	437632	421860	415508	417452
GCF_002803175.1 | Streptomyces sp. CB02613 - ST 469:267	309077	174895	405465	303618	405543	298386	312438	473303	312889	311698	277802	298930	314137	302757	154128	291930	299742	308268	301693	308247	304700	405378	1	499495	314741	408083	201583	126507	154891	314425	411414	499299	316133	463306	302992	496218	503205	193122	119035	219486	400872	513496	405796	153109	404994	302656	397431	185453	187870	499608	186239	187341	500428	502187	410640	122597	502982	405376	304294	219767	291788	291204	291015	303070	305884	307210	307692	290143	405796	403698	400691	513382	499485	120530	153109
GCF_002804165.1 | Streptomyces cavourensis 1AS2a - ST 470:268	543770	425849	410569	545222	414366	539641	520640	231826	542385	545698	490715	543150	536948	532698	542168	538502	541679	544870	534553	540826	545069	415748	499495	1	525535	421061	543973	541523	542275	547712	406037	47355	543858	121953	545511	250863	47906	535542	536117	220820	411841	507887	416910	545385	414974	536048	406752	503602	548847	44131	548181	548584	43768	43081	402873	543400	47598	406249	548647	220209	528126	528318	529682	528631	529794	535874	536229	525394	416910	414441	411624	507670	140418	536898	545385
GCF_002832675.1 | Streptomyces sp. S063 - ST 471:269	357288	259602	412722	359663	409972	354339	53142	493136	366457	355365	330113	350264	363686	353709	351194	342841	349175	359313	351216	356102	362506	408762	314741	525535	1	413318	345529	342356	348675	366636	403388	525259	368978	484612	358397	516246	523013	328599	334432	210788	404346	535301	408877	349161	408831	348970	399991	300960	337564	523330	342352	337393	524302	523828	405703	343574	522276	398421	358725	210633	341659	340446	340995	349002	349787	353430	354326	339894	408877	408143	404150	535168	517174	338506	349161
GCF_002910775.2 | Streptomyces sp. SM18 - ST 478:270	418464	354583	244218	418796	246554	420121	410665	390724	419660	418804	390705	415507	415680	416598	420419	414789	413761	417271	414832	418933	416478	248620	408083	421061	413318	1	416176	419162	420362	417394	395975	419583	423096	404028	416980	414347	418554	427144	416912	202588	240637	438244	248644	421726	248077	414967	100480	392906	422383	420059	419965	421825	419151	419286	396710	419684	418023	392830	420334	202043	406679	405030	405564	411185	412960	417423	416670	403899	248644	246491	240121	438095	423192	417557	421726
GCF_003024215.1 | Streptomyces sp. CS149 - ST 486:271	339470	176088	417153	335805	415767	330848	343790	511502	346745	338389	308668	331032	344069	332366	226705	322410	328664	337821	331637	336099	336890	415767	201583	543973	345529	416176	1	220832	223178	345463	422807	542848	347436	497199	336228	536670	546928	121075	215612	222059	410582	555739	416694	224093	418403	330553	405653	163981	206093	544994	204793	206007	543074	544923	423219	221574	546260	413859	337323	222352	321899	321015	317504	331413	333909	336218	336970	319242	416694	417507	410321	555662	539029	216892	224093
GCF_003116755.1 | Streptomyces sp. CS131 - ST 494:272	340559	187782	419547	336074	417604	330919	338970	518536	349150	344231	310354	329939	351680	331365	169820	326256	329495	345774	337799	337827	335442	417889	126507	541523	342356	419162	220832	1	169420	352422	427198	541217	353344	504034	335317	532763	542305	209952	103320	220607	413185	551912	418173	170680	419824	337694	407936	199584	206997	541668	207015	206831	541447	540926	424981	105716	541123	415804	335343	221722	323251	321707	319124	341109	342697	345537	345181	320865	418173	418488	412933	551674	543578	98937	170680
GCF_003116775.1 | Streptomyces sp. CS147 - ST 495:273	337731	188961	415238	336049	415917	327696	341986	511147	349020	339495	309986	327470	346984	332426	48436	323843	329823	339329	329762	335730	337928	414847	154891	542275	348675	420362	223178	169420	1	348988	421280	541464	350834	499676	337670	532246	542029	212828	161444	220837	409376	555693	415293	45131	415600	329616	407022	202720	209577	543129	209368	209546	539792	542356	420887	166288	541722	415078	336908	221131	321746	320318	319198	335480	337351	339830	341595	319582	415293	414639	409229	555487	535168	162643	45131
GCF_003147545.1 | Streptomyces globisporus TFH56 - ST 338:274	265537	267443	414673	258560	415552	260034	363993	511040	28469	266286	37013	258701	39392	261536	350933	239451	257455	271272	264751	257448	258739	414850	314425	547712	366636	417394	345463	352422	348988	1	426177	547308	37827	503392	258655	532795	546777	332879	341461	221580	408174	558366	415595	350358	415948	263346	406326	307051	342813	547078	342900	342498	547282	546353	425790	349408	546033	409540	260634	221090	251472	250874	250668	153250	154476	155679	157502	251607	415595	415265	407993	558153	539358	346203	350358
GCF_003330865.1 | Streptomyces atratus SCSIO_ZH16 - ST 499:275	421790	364517	393225	426851	393729	427796	400464	386906	423746	421088	399611	425155	423408	425493	423871	420290	422107	427031	416487	429101	425399	393763	411414	406037	403388	395975	422807	427198	421280	426177	1	407189	428741	388065	428547	401551	407333	420932	418666	227628	392042	435417	394061	427250	392097	417989	383282	395809	423906	407965	420921	423529	406238	406997	101087	423221	406814	522887	427223	226958	422722	421173	417992	419900	422059	425747	424068	418237	394061	391373	391838	435199	412625	422765	427250
GCF_003352445.1 | Streptomyces cavourensis TJ430 - ST 500:276	544287	427185	411895	543959	413662	540618	521847	235173	545035	547161	491915	546189	538863	532496	541087	539886	541287	544108	532741	538926	544192	414955	499299	47355	525259	419583	542848	541217	541464	547308	407189	1	546239	121756	544898	252529	38856	535250	535800	219783	410249	507209	416335	543422	416174	534975	406171	506147	550091	42905	548697	549867	40933	44216	402390	543027	38629	403757	547194	219473	528207	528356	528948	529916	531745	537770	537655	525799	416335	415586	410030	507038	140617	537754	543422
GCF_003353555.1 | Streptomyces sp. HB202 - ST 501:277	266462	267723	421774	260016	419262	266612	366198	515055	42440	270142	32404	263383	38073	268258	355325	245507	262351	272160	266618	263579	261284	418885	316133	543858	368978	423096	347436	353344	350834	37827	428741	546239	1	504490	259901	530786	541969	338011	341751	220436	411076	557087	418748	355258	420056	263940	409962	308703	344613	544234	345473	344212	544223	541341	424485	350237	541161	409999	260952	220687	255987	254236	254542	154901	155807	157538	158309	254549	418748	419007	410876	556935	536695	347772	355258
GCF_003949895.1 | Streptomyces sp. WAC04770 - ST 535:278	501526	403118	395924	501283	406420	499842	482674	204591	502992	504110	458754	498806	498273	495373	500869	508820	501389	507760	507311	507133	504857	404360	463306	121953	484612	404028	497199	504034	499676	503392	388065	121756	504490	1	501493	221090	121189	507054	496948	217442	394438	462996	403677	500962	407156	500380	398414	483164	507917	121745	504642	507113	121317	122700	385274	500067	120852	387946	504894	218105	492176	490941	492800	496261	497791	501955	503844	489900	403677	407030	394225	462890	99109	506350	500962
GCF_003989035.1 | Streptomyces sp. NP10 - ST 546:279	225806	260119	417617	32530	419277	148525	355515	513691	258864	229057	230520	149020	258658	129088	338555	214304	149270	178743	173950	118092	32194	419914	302992	545511	358397	416980	336228	335317	337670	258655	428547	544898	259901	501493	1	533049	543647	325839	330238	224679	414513	561204	420317	339377	418293	170987	407080	303469	333913	545256	336904	333457	544564	543724	429083	337581	543684	416072	33668	225243	146580	146517	147714	250541	252236	254384	256067	146938	420317	417682	414300	560985	540443	334537	339377
GCF_004000405.1 | Streptomyces sp. B27 - ST 549:280	535221	422819	405729	530978	405708	532285	516349	188094	529595	536416	479896	531220	527826	525486	532306	522590	528094	533859	524753	532157	534074	407143	496218	250863	516246	414347	536670	532763	532246	532795	401551	252529	530786	221090	533049	1	250260	527297	529417	215503	403822	489492	407064	534482	405893	524848	402470	488913	537958	251847	534266	537613	253190	250065	398473	536622	250177	403313	535147	216091	515787	516338	516321	510801	512860	517816	519549	514631	407064	405370	403533	489339	251657	531455	534482
GCF_006788935.1 | Streptomyces cavourensis DSM 41795 - ST 583:281	543434	425304	413212	543006	413605	538350	518209	233881	543118	544802	491215	543479	538164	535107	541208	536761	541171	542589	530719	538698	543273	415472	503205	47906	523013	418554	546928	542305	542029	546777	407333	38856	541969	121189	543647	250260	1	537247	536343	220555	409904	506283	416456	543795	415359	535389	405778	506702	552544	43526	549714	552256	43429	45062	403918	543707	587	406271	547190	220533	527136	527132	527493	530352	531615	537708	538320	524469	416456	414890	409684	506061	140920	540708	543795
GCF_008180165.1 | Streptomyces parvus C05 - ST 595:282	324500	170388	418902	323794	418370	321994	325152	519958	332792	327661	299931	318788	332662	320520	215495	319371	319958	329310	328678	329155	325517	418623	193122	535542	328599	427144	121075	209952	212828	332879	420932	535250	338011	507054	325839	527297	537247	1	209688	219616	410862	548956	419087	217043	420271	325489	411092	154666	194105	533322	193558	193530	532174	534722	419115	212188	535733	412403	322360	220043	316858	315284	311621	331167	332632	335349	335551	315159	419087	419301	410485	548743	538856	213564	217043
GCF_008632535.1 | Streptomyces parvus NRRL B-1455 - ST 596:283	332734	185535	416393	330239	414585	322753	332732	503527	338987	335852	304452	327132	342804	326839	161917	318643	322136	334110	328270	332393	330323	415471	119035	536117	334432	416912	215612	103320	161444	341461	418666	535800	341751	496948	330238	529417	536343	209688	1	218338	410075	549670	415107	163640	417105	327099	405383	194634	199586	536007	197844	199240	536373	534481	417790	945	535281	408506	330904	218481	324086	321205	315030	336242	337891	341499	340750	320442	415107	416454	409928	549475	533312	79997	163640
GCF_009811575.1 | Streptomyces glebosus NBRC 13786 - ST 614:284	224170	201678	202526	223541	204734	224401	207824	207256	220656	223261	207503	226882	220208	224821	222637	222089	224225	222503	220553	223314	224390	203669	219486	220820	210788	202588	222059	220607	220837	221580	227628	219783	220436	217442	224679	215503	220555	219616	218338	1	201960	226196	204465	223062	203082	220311	202412	216351	225762	221160	224833	225700	218334	219295	229712	220827	220056	230950	227770	325	225236	224666	218823	219916	220445	222580	221619	223353	204465	202956	201805	226093	221249	220936	223062
GCF_009862465.1 | Streptomyces sp. SID4941 - ST 624:285	413669	356890	118612	415860	109450	412365	405392	377422	410250	410920	386673	409808	404903	413307	410346	411085	409951	412708	408337	411413	414004	111089	400872	411841	404346	240637	410582	413185	409376	408174	392042	410249	411076	394438	414513	403822	409904	410862	410075	201960	1	428927	110908	412301	109829	408977	229565	387825	410790	410097	409589	410588	409337	409111	394920	413235	409404	387068	415421	201885	404550	402740	398745	403075	404446	408597	407631	402860	110908	109255	0	428783	413501	411256	412301
GCF_009863145.1 | Streptomyces sp. SID4937 - ST 631:286	556376	436975	434597	558123	436872	554665	528605	472456	557359	558603	499279	557099	553704	552128	559195	555914	553420	557969	548725	559056	561817	437777	513496	507887	535301	438244	555739	551912	555693	558366	435417	507209	557087	462996	561204	489492	506283	548956	549670	226196	428927	1	437406	558841	437634	547331	425303	521382	564875	507087	562104	564937	508338	503918	429605	558248	505404	424528	559690	226708	540340	540689	539750	552839	553331	559551	559323	539333	437406	436975	428609	0	502106	554036	558841
GCF_009863235.1 | Streptomyces sp. SID4925 - ST 465:287	417969	356138	91879	421148	53558	419542	409653	383300	417431	417948	388253	418120	412603	416058	418181	416799	417546	420992	413527	418792	419636	0	405796	416910	408877	248644	416694	418173	415293	415595	394061	416335	418748	403677	420317	407064	416456	419087	415107	204465	110908	437406	1	417452	48625	414410	235479	391848	416735	415751	414869	416516	413971	414979	395780	419205	415264	388366	421507	204065	413943	411944	407555	409301	410206	414678	414535	411065	0	48001	110858	437632	421860	415508	417452
GCF_009864905.1 | Streptomyces sp. SID8378 - ST 633:288	339186	191231	419539	339853	417088	331610	344041	514272	350657	343508	311215	329173	351621	333985	48187	327005	330700	342327	333383	336325	341794	417452	153109	545385	349161	421726	224093	170680	45131	350358	427250	543422	355258	500962	339377	534482	543795	217043	163640	223062	412301	558841	417452	1	417767	331412	409506	204549	210804	544115	210972	210360	542315	542758	424488	167756	543015	413549	338974	221640	325841	325413	320796	342319	344257	346658	345721	324622	417545	416263	411681	558802	535471	165133	0
GCF_009865365.1 | Streptomyces sp. SID4912 - ST 260:289	416333	357323	92382	418403	55259	417307	410480	386703	418365	414260	388702	416502	414712	414601	415932	415069	416419	420213	412463	418718	419662	48625	404994	414974	408831	248077	418403	419824	415600	415948	392097	416174	420056	407156	418293	405893	415359	420271	417105	203082	109829	437634	48625	417767	1	414987	239238	391161	418813	416421	415898	418592	413989	415486	395632	420493	414925	391952	418777	202537	414127	412530	406000	408264	409079	413567	415141	411588	48708	415	109599	437435	422019	416402	417428
GCF_009872565.1 | Streptomyces sp. SID5614 - ST 642:290	226946	254021	411724	171914	416256	169715	347736	505903	263561	226533	236179	169619	264524	174899	332323	219858	169882	71369	62004	176814	172694	414410	302656	536048	348970	414967	330553	337694	329616	263346	417989	534975	263940	500380	170987	524848	535389	325489	327099	220311	408977	547331	414410	331412	414987	1	403126	305583	332560	533423	330765	332466	533438	535813	418380	333665	533902	408198	172016	218588	168196	167146	166782	259748	261151	263732	266771	167469	413273	413513	408071	546425	534798	336174	330699
GCF_010548175.1 | Streptomyces halstedii SID11342 - ST 647:291	404250	351874	231106	409016	238341	409790	401581	379658	406938	403364	379446	408061	405842	407380	408489	405415	408126	408022	402768	407144	409738	235479	397431	406752	399991	100480	405653	407936	407022	406326	383282	406171	409962	398414	407080	402470	405778	411092	405383	202412	229565	425303	235479	409506	239238	403126	1	385646	410935	406041	406973	410799	405131	404609	382222	408905	404175	380798	408850	201836	401272	400028	396455	397192	400318	402748	404218	399436	235409	239075	229013	424194	411452	405248	409310
GCF_010548665.1 | Streptomyces parvus SID7590 - ST 654:292	304608	164053	391205	304018	391149	300128	300071	482345	307856	305478	276904	301513	308437	300782	206780	304570	302035	310685	309344	307606	303162	391848	185453	503602	300960	392906	163981	199584	202720	307051	395809	506147	308703	483164	303469	488913	506702	154666	194634	216351	387825	521382	391848	204549	391161	305583	385646	1	169664	503102	168022	169275	505212	502035	394588	198327	505384	386745	305103	214047	295721	295389	293065	306709	307634	309324	312647	293707	391924	390444	387660	521618	515906	201142	204782
GCF_013363455.1 | Streptomyces sp. CAI-121 - ST 672:293	335278	175473	416651	331582	419135	333225	336886	520405	342053	333528	305048	330881	340276	330663	213296	327555	328397	338744	335452	336854	333541	416735	187870	548847	337564	422383	206093	206997	209577	342813	423906	550091	344613	507917	333913	537958	552544	194105	199586	225762	410790	564875	416735	210804	418813	332560	410935	169664	1	553755	54206	572	550205	550689	424051	205400	552250	419093	333251	224897	322957	321813	318010	334248	336626	338248	342394	321308	416434	418114	411082	564849	548746	204763	210808
GCF_013363475.1 | Streptomyces sp. KAI-26 - ST 674:294	543595	426019	411826	544242	415747	538605	521442	234612	546011	544836	492484	544017	540931	533488	543967	539178	541064	540319	532714	538958	545771	415751	499608	44131	523330	420059	544994	541668	543129	547078	407965	42905	544234	121745	545256	251847	43526	533322	536007	221160	410097	507087	415751	544115	416421	533423	406041	503102	553755	1	550142	553817	42323	38373	404009	543641	43252	404944	547225	220270	525198	526427	528393	529320	531199	537478	537594	523392	416101	415620	410674	506218	142926	539212	545053
GCF_013363655.1 | Streptomyces sp. CAI 127 - ST 676:295	334748	175233	414116	334295	415180	330396	338889	514736	342798	334064	306792	329495	339879	331338	213157	328899	327409	341421	335979	337929	336396	414869	186239	548181	342352	419965	204793	207015	209368	342900	420921	548697	345473	504642	336904	534266	549714	193558	197844	224833	409589	562104	414869	210972	415898	330765	406973	168022	54206	550142	1	53769	546931	545873	421082	203876	548302	414395	335137	223933	323918	322825	318116	333875	336485	338027	343052	322507	414536	415024	409969	561421	545597	204025	211062
GCF_013363665.1 | Streptomyces sp. CAI-68 - ST 672:296	335130	175101	416149	331506	418771	332400	336639	519919	341729	333361	304730	330222	340062	330332	212961	327058	328016	338645	335247	336963	333499	416516	187341	548584	337393	421825	206007	206831	209546	342498	423529	549867	344212	507113	333457	537613	552256	193530	199240	225700	410588	564937	416516	210360	418592	332466	410799	169275	572	553817	53769	1	550583	550567	423484	204928	551838	418524	332591	225331	322543	321417	317779	332859	335472	337235	341494	320948	416349	418116	410701	564263	549257	204603	210030
GCF_013363675.1 | Streptomyces sp. CAI-24 - ST 677:297	545267	427694	410462	544711	414006	538910	522272	234476	544911	548542	491226	542748	539800	534452	541523	539867	541603	540983	531780	538985	543954	413971	500428	43768	524302	419151	543074	541447	539792	547282	406238	40933	544223	121317	544564	253190	43429	532174	536373	218334	409337	508338	413971	542315	413989	533438	405131	505212	550205	42323	546931	550583	1	41531	402902	545067	43333	403592	546405	217529	524856	525506	529433	531488	533196	538986	537984	522188	414987	413854	409891	507580	141244	538667	542855
GCF_013363735.1 | Streptomyces sp. CAI-155 - ST 678:298	543273	423403	410891	544523	414275	538918	519286	232125	543324	543752	490550	542997	536875	535931	542188	535530	541019	541477	533697	538250	544191	414979	502187	43081	523828	419286	544923	540926	542356	546353	406997	44216	541341	122700	543724	250065	45062	534722	534481	219295	409111	503918	414979	542758	415486	535813	404609	502035	550689	38373	545873	550567	41531	1	403088	542520	45193	405026	547062	218967	526047	527025	528852	526598	527847	533884	534355	524261	415204	414463	409714	503093	141024	541193	543180
GCF_014648655.1 | Streptomyces atratus JCM 3386 - ST 702:299	420029	364853	393765	427830	395074	424128	403760	381677	423103	417895	398573	424566	420571	425695	423539	419186	422808	426450	415453	428817	427007	395780	410640	402873	405703	396710	423219	424981	420887	425790	101087	402390	424485	385274	429083	398473	403918	419115	417790	229712	394920	429605	395780	424488	395632	418380	382222	394588	424051	404009	421082	423484	402902	403088	1	422831	404468	530275	425721	229501	417476	417326	416546	413941	415848	419767	418807	414097	395434	394369	394399	429683	411020	421414	424501
GCF_014648875.1 | Streptomyces parvus JCM 4069 - ST 596:300	340511	188687	419741	337749	418565	330421	341607	511855	347108	343408	308783	334869	351355	333824	166939	325300	329429	342563	335373	339797	337155	419205	122597	543400	343574	419684	221574	105716	166288	349408	423221	543027	350237	500067	337581	536622	543707	212188	945	220827	413235	558248	419205	167756	420493	333665	408905	198327	205400	543641	203876	204928	545067	542520	422831	1	542700	412987	338242	220264	327978	325370	319929	341435	344138	346660	346032	324700	418904	419427	412755	557314	541260	81301	168391
GCF_014649215.1 | Streptomyces cavourensis JCM 4298 - ST 583:301	543027	425625	412048	543131	413839	538455	518362	232958	543481	544729	491210	542396	538307	535037	541308	536466	541327	542569	530894	538785	543383	415264	502982	47598	522276	418023	546260	541123	541722	546033	406814	38629	541161	120852	543684	250177	587	535733	535281	220056	409404	505404	415264	543015	414925	533902	404175	505384	552250	43252	548302	551838	43333	45193	404468	542700	1	405988	546832	219662	526585	526431	526903	529115	530658	536751	537575	523994	415410	413977	408907	504653	140678	540993	543078
GCF_014649535.1 | Streptomyces gelaticus JCM 4376 - ST 706:302	415728	358639	392205	416327	391968	417818	396699	384055	408176	414845	383534	416254	405889	413747	414694	410825	417930	415390	411616	419030	417229	388366	405376	406249	398421	392830	413859	415804	415078	409540	522887	403757	409999	387946	416072	403313	406271	412403	408506	230950	387068	424528	388366	413549	391952	408198	380798	386745	419093	404944	414395	418524	403592	405026	530275	412987	405988	1	415488	230275	407764	406726	406676	403380	404834	407779	409044	404933	389066	391324	386664	424406	405842	415454	413771
GCF_014649875.1 | Streptomyces rubiginosohelvolus JCM 4415 - ST 708:303	228166	258500	420445	33030	421610	149735	355183	514076	259968	227328	231571	150292	259949	128044	337206	214545	151207	180939	174884	116726	32390	421507	304294	548647	358725	420334	337323	335343	336908	260634	427223	547194	260952	504894	33668	535147	547190	322360	330904	227770	415421	559690	421507	338974	418777	172016	408850	305103	333251	547225	335137	332591	546405	547062	425721	338242	546832	415488	1	226577	150381	150335	147280	251996	254634	255649	259413	150601	422123	418716	416571	559286	543647	334446	338736
GCF_014656235.1 | Streptomyces glebosus JCM 4954 - ST 614:304	224018	201880	202871	223933	204978	224812	208474	207425	221023	223971	208003	227358	220727	225127	222648	222392	224887	222639	220991	224348	224927	204065	219767	220209	210633	202043	222352	221722	221131	221090	226958	219473	220687	218105	225243	216091	220533	220043	218481	325	201885	226708	204065	221640	202537	218588	201836	214047	224897	220270	223933	225331	217529	218967	229501	220264	219662	230275	226577	1	225302	224548	218670	219943	220470	222250	221388	223261	204437	202689	201552	226627	221832	220916	222877
GCF_016612575.1 | Streptomyces sp. MBT67 - ST 734:305	217739	249360	412563	146549	413892	91705	339772	498270	252905	220476	228688	88685	254386	143214	324417	211050	96127	175985	170781	142172	148361	413943	291788	528126	341659	406679	321899	323251	321746	251472	422722	528207	255987	492176	146580	515787	527136	316858	324086	225236	404550	540340	413943	325841	414127	168196	401272	295721	322957	525198	323918	322543	524856	526047	417476	327978	526585	407764	150381	225302	1	4699	94987	250439	251692	254000	257613	6298	414181	413526	404972	540200	524049	325198	325323
GCF_016612645.1 | Streptomyces sp. MBT61 - ST 734:306	217003	249528	410845	146709	411022	89013	338810	495334	251980	218862	228194	88488	253680	142733	323618	211072	96153	175503	170281	142367	148556	411944	291204	528318	340446	405030	321015	321707	320318	250874	421173	528356	254236	490941	146517	516338	527132	315284	321205	224666	402740	540689	411944	325413	412530	167146	400028	295389	321813	526427	322825	321417	525506	527025	417326	325370	526431	406726	150335	224548	4699	1	94500	250618	252278	254020	256580	5121	411854	411730	403126	540029	523872	322737	325204
