	GCF_000010605.1 | Streptomyces griseus NBRC 13350 - ST 12:1	GCF_000177175.2 | Streptomyces sp. XylebKG-1 - ST 240:2	GCF_000239075.1 | Streptomyces sp. W007 - ST 243:3	GCF_000364805.1 | Streptomyces sp. PAMC 26508 - ST 252:4	GCF_000373405.1 | Streptomyces sp. ScaeMP-e10 - ST 253:5	GCF_000385945.1 | Streptomyces fulvissimus DSM 40593 - ST 174:6	GCF_000716025.1 | Streptomyces baarnensis NRRL B-2842 - ST 268:7	GCF_000716935.1 | Streptomyces alboviridis NRRL B-1579 - ST 38:8	GCF_000717795.1 | Streptomyces griseus NRRL WC-3480 - ST 275:9	GCF_000720395.1 | Streptomyces flavovirens NRRL B-2182 - ST 309:10	GCF_000720405.1 | Streptomyces sp. NRRL B-24051 - ST 310:11	GCF_000721595.1 | Streptomyces sp. NRRL S-325 - ST 318:12	GCF_001189025.1 | Streptomyces europaeiscabiei NCPPB 4064 - ST 349:13	GCF_001418625.1 | Streptomyces luridiscabiei NRRL B-24455 - ST 372:14	GCF_001426325.1 | Streptomyces sp. Root1295 - ST 376:15	GCF_001427565.1 | Streptomyces sp. Root63 - ST 376:16	GCF_001434355.1 | Streptomyces anulatus ATCC 11523 - ST 378:17	GCF_001723115.1 | Streptomyces griseus NRRL B-2165 - ST 12:18	GCF_001905485.1 | Streptomyces sp. TSRI0261 - ST 417:19	GCF_001905525.1 | Streptomyces sp. TSRI0395 - ST 419:20	GCF_001905575.1 | Streptomyces sp. CB00072 - ST 420:21	GCF_001905645.1 | Streptomyces sp. CB02115 - ST 421:22	GCF_002188345.1 | Streptomyces sp. CS057 - ST 441:23	GCF_002551015.1 | Streptomyces sp. wa1071 - ST 449:24	GCF_002551045.1 | Streptomyces sp. wa1063 - ST 450:25	GCF_002551055.1 | Streptomyces sp. wa1002 - ST 449:26	GCF_002551145.1 | Streptomyces sp. st115 - ST 453:27	GCF_002551225.1 | Streptomyces sp. rh206 - ST 455:28	GCF_002551305.1 | Streptomyces sp. or20 - ST 456:29	GCF_002551465.1 | Streptomyces sp. b84 - ST 463:30	GCF_002910875.1 | Streptomyces sp. SM13 - ST 480:31	GCF_002910905.1 | Streptomyces sp. SM11 - ST 481:32	GCF_002910935.1 | Streptomyces sp. B226SN101 - ST 482:33	GCF_002910985.1 | Streptomyces sp. B188M101 - ST 482:34	GCF_003116675.1 | Streptomyces sp. CS090A - ST 492:35	GCF_003367645.1 | Streptomyces sp. IB2014 011-12 - ST 503:36	GCF_003610995.1 | Streptomyces griseus ATCC 13273 - ST 509:37	GCF_004524875.1 | Streptomyces sp. S501 - ST 566:38	GCF_005234185.1 | Streptomyces sp. BPSDS2 - ST 574:39	GCF_009862355.1 | Streptomyces sp. SID7834 - ST 623:40	GCF_009865505.1 | Streptomyces sp. SID2119 - ST 637:41	GCF_009866455.1 | Streptomyces griseus CGMCC 4.18 - ST 12:42	GCF_009872615.1 | Streptomyces sp. SID5594 - ST 253:43	GCF_010548045.1 | Streptomyces anulatus SID10689 - ST 645:44	GCF_010548165.1 | Streptomyces cyaneofuscatus SID10855 - ST 646:45	GCF_010548505.1 | Streptomyces sp. SID14515 - ST 652:46	GCF_010548615.1 | Streptomyces anulatus SID505 - ST 653:47	GCF_010548705.1 | Streptomyces anulatus SID7903 - ST 655:48	GCF_010550525.1 | Streptomyces anulatus SID9598 - ST 655:49	GCF_013167895.1 | Streptomyces fulvorobeus NBRC 15897 - ST 51:50	GCF_013364315.1 | Streptomyces fulvissimus NA06532 - ST 681:51	GCF_013409565.1 | Streptomyces fulvorobeus DSM 41455 - ST 51:52	GCF_014495705.1 | Streptomyces sp. CB00271 - ST 417:53	GCF_014655335.1 | Streptomyces griseus JCM 4516 - ST 718:54	GCF_016653995.1 | Streptomyces sp. MBT58 - ST 739:55	GCF_016772455.1 | Streptomyces fulvissimus DF - ST 745:56	GCF_016901035.1 | Streptomyces sp. RHZ10 - ST 748:57	GCF_017358145.1 | Streptomyces sp. CA-256286 - ST 752:58	GCF_018070665.1 | Streptomyces sp. 404i - ST 768:59	GCF_018070745.1 | Streptomyces sp. C3-3 - ST 769:60	GCF_018530825.1 | Streptomyces sp. Tu10 - ST 772:61	GCF_018619185.1 | Streptomyces sp. McG3 - ST 776:62	GCF_019049185.1 | Streptomyces anulatus AC569_RSS891 - ST 782:63	GCF_900091905.1 | Streptomyces sp. OspMP-M43 - ST 793:64	GCF_900105705.1 | Streptomyces griseus DSM 40236 - ST 12:65	GCF_900460065.1 | Streptomyces griseus NCTC13033 - ST 12:66
GCF_000010605.1 | Streptomyces griseus NBRC 13350 - ST 12:1	1	70901	460636	449887	597097	580588	503423	582487	69095	448994	452641	448987	451766	566485	461490	459799	454790	3922	438974	452839	461587	463503	451824	444479	446603	449487	500104	447189	462236	457511	482677	443445	493317	488567	597370	574533	552901	446672	506150	386415	532101	1025	597097	444814	583114	497457	425978	449187	426512	408779	592973	408738	415722	501762	566875	590093	476543	592430	440082	439277	455421	421454	457274	62161	455	442
GCF_000177175.2 | Streptomyces sp. XylebKG-1 - ST 240:2	70901	1	464125	447957	598789	580767	498570	581318	47929	446967	451220	449274	454111	565099	460533	458973	453705	67214	441086	453203	462423	461554	454427	446999	449775	451960	501821	450079	464437	462711	486752	442467	495062	490844	595550	574781	551867	445269	506808	388631	530492	70508	598789	445766	583950	498410	426366	446247	422529	407137	594222	407271	417551	499496	567625	587153	478478	591442	441586	446288	453590	423998	460116	54376	72474	71340
GCF_000239075.1 | Streptomyces sp. W007 - ST 243:3	460636	464125	1	445694	589762	566470	495577	573457	453279	447395	444744	444953	226878	543899	232423	228242	226766	424847	263357	223990	120309	228435	308166	105112	111955	106381	498977	226411	277332	116746	469570	403488	488534	484200	587911	567356	543784	444010	498763	385085	529703	461995	589762	302331	575064	466747	291331	302572	287361	401543	572635	401556	250117	496105	549259	566228	464814	568979	237685	239794	220728	372441	303272	433249	462874	458405
GCF_000364805.1 | Streptomyces sp. PAMC 26508 - ST 252:4	449887	447957	445694	1	448255	452593	453686	454409	442372	47751	45275	59572	452634	434553	456640	457886	453973	421170	444070	452601	451738	455413	443646	435422	441390	441593	448780	448462	456882	451262	437604	406090	448253	445823	449162	448997	434595	42049	446076	43713	412602	449586	448255	440510	453215	449267	428584	440247	423978	428732	456678	428801	440383	454582	437023	448914	426345	451902	456573	456807	455003	442493	452484	426447	450183	446547
GCF_000373405.1 | Streptomyces sp. ScaeMP-e10 - ST 253:5	597097	598789	589762	448255	1	483444	572213	486509	587724	447833	447075	448974	588446	465110	590973	592013	590019	552071	572668	592490	594534	595936	579706	569932	570675	575614	571635	573875	597776	588908	545442	514136	563064	558768	103288	269415	422808	446183	586065	385429	249043	596815	0	567054	278939	583335	548960	569815	540764	408935	492429	408736	553100	573355	468594	485409	531681	486615	579728	576584	587872	565851	583885	554895	597819	592800
GCF_000385945.1 | Streptomyces fulvissimus DSM 40593 - ST 174:6	580588	580767	566470	452593	483444	1	572690	75553	569335	450114	451624	451848	571340	170819	571745	571787	573594	534994	555651	573194	570126	572587	558931	550833	550955	556330	568632	563690	575163	565524	555862	507811	567067	561921	479807	463825	459121	451332	582037	390800	436859	579112	483702	550364	474232	576560	533912	551439	525542	421779	181943	421953	543347	574832	174514	183063	531432	181064	569171	568599	571215	555720	564807	539086	580667	576169
GCF_000716025.1 | Streptomyces baarnensis NRRL B-2842 - ST 268:7	503423	498570	495577	453686	572213	572690	1	574745	491459	453714	452884	453608	498853	551718	499926	498795	501205	462055	487537	499070	495869	504216	488017	480049	481938	485184	86010	491801	502803	495184	278415	424530	66842	66713	568719	563858	551524	449372	257314	390762	522031	503772	571874	480921	573354	346774	462572	484805	460605	411669	577895	411599	468819	71810	553690	578385	464437	576784	499541	500500	496639	476941	498311	467048	504492	500342
GCF_000716935.1 | Streptomyces alboviridis NRRL B-1579 - ST 38:8	582487	581318	573457	454409	486509	75553	574745	1	570450	452159	451572	452873	575350	177566	577858	577653	575520	536468	560462	576990	575323	572480	565294	556001	559894	560507	575324	564466	580210	568779	557907	515250	565210	560331	483640	470242	457418	452433	581889	392283	443521	580962	486862	553736	479889	575208	543386	555381	528945	425048	185288	425248	546357	577259	179131	184338	531760	185030	569781	569706	574147	556603	568278	543332	581472	578197
GCF_000717795.1 | Streptomyces griseus NRRL WC-3480 - ST 275:9	69095	47929	453279	442372	587724	569335	491459	570450	1	443243	446684	443121	441925	555860	451778	451137	444237	66490	426720	442296	449596	449880	438764	434368	436440	440155	491277	436523	448587	449285	472826	435598	479727	475598	588790	571865	549418	440048	494267	383679	523689	70135	586725	431421	575763	484688	412040	434830	411745	401586	580401	401937	416442	489130	557500	576688	466359	578849	426512	432904	441604	409629	447264	52349	71496	70551
GCF_000720395.1 | Streptomyces flavovirens NRRL B-2182 - ST 309:10	448994	446967	447395	47751	447833	450114	453714	452159	443243	1	44751	57507	452262	435044	455851	457375	452344	421260	444720	453147	451220	456046	446994	436791	440395	442790	448264	450266	458343	450954	441174	404410	452979	450513	447088	449726	432496	47300	448598	44209	414784	448328	447998	439912	449936	446871	425421	440637	425121	425661	453972	426160	439667	453315	436366	446681	424136	447206	454997	456058	451939	439337	452572	424201	448636	444339
GCF_000720405.1 | Streptomyces sp. NRRL B-24051 - ST 310:11	452641	451220	444744	45275	447075	451624	452884	451572	446684	44751	1	61054	452922	434051	456058	457518	450376	423487	444242	450764	451103	452195	445085	434847	438947	440953	448511	449520	452296	451033	441061	405963	452368	449860	446835	449004	429701	43674	447718	44763	411334	451980	447113	437816	450494	447072	421965	439468	423873	427201	454464	427844	439061	454226	436247	445670	425811	448113	453383	454123	450578	439307	450601	427190	452594	448588
GCF_000721595.1 | Streptomyces sp. NRRL S-325 - ST 318:12	448987	449274	444953	59572	448974	451848	453608	452873	443121	57507	61054	1	455615	435960	456848	458039	454695	419180	443162	453791	449938	452579	443837	433861	438445	439894	448933	447736	458455	450676	437240	407376	451657	449264	447002	454340	435333	55883	448073	52126	414100	448337	449074	439547	460168	447937	424029	441035	424877	427582	456226	427515	438389	457101	439512	447497	426695	449053	454073	454530	453647	437666	451774	424067	448527	444307
GCF_001189025.1 | Streptomyces europaeiscabiei NCPPB 4064 - ST 349:13	451766	454111	226878	452634	588446	571340	498853	575350	441925	452262	452922	455615	1	551482	76525	72049	68610	415939	227662	75767	224213	174265	286402	216086	217393	218748	497184	185951	255611	223865	471212	398163	492874	488949	586711	568911	543771	448962	495149	390851	527992	452600	588408	284001	580271	465815	272387	282801	268461	403654	582913	403475	216921	500261	555976	574527	472163	578302	216822	218635	67518	364676	275191	419878	453854	450055
GCF_001418625.1 | Streptomyces luridiscabiei NRRL B-24455 - ST 372:14	566485	565099	543899	434553	465110	170819	551718	177566	555860	435044	434051	435960	551482	1	556960	557344	552380	527272	536088	556744	548562	553100	537711	525310	526134	529255	548612	543411	555840	540714	532596	482734	545109	541254	464064	438911	450108	433671	556851	375383	429005	566401	464979	531012	451738	550746	517380	532917	509057	409611	51770	409692	521690	553856	51176	47785	513168	50355	544349	544746	551073	541909	538657	532592	566563	562885
GCF_001426325.1 | Streptomyces sp. Root1295 - ST 376:15	461490	460533	232423	456640	590973	571745	499926	577858	451778	455851	456058	456848	76525	556960	1	10638	73372	423953	236965	80241	236280	183546	296102	221378	222659	223470	498763	195187	262600	229283	476178	405795	494643	490336	590749	572265	548403	454498	495871	395294	530682	461890	591042	288222	578887	467804	279873	288904	274813	407164	585340	406980	225627	502847	558505	579073	474308	580671	220100	225476	69032	373003	284522	429261	462002	459377
GCF_001427565.1 | Streptomyces sp. Root63 - ST 376:16	459799	458973	228242	457886	592013	571787	498795	577653	451137	457375	457518	458039	72049	557344	10638	1	67066	422536	232718	73490	231716	177917	292723	217225	218989	219226	497497	190892	257947	225388	475747	404014	492876	488880	591624	573216	548159	455638	494208	397081	531434	460410	592262	285548	579846	465753	276161	285780	271781	407774	584833	407619	221507	501113	558462	578652	473875	581002	216095	221200	62810	370780	281189	428835	460546	457867
GCF_001434355.1 | Streptomyces anulatus ATCC 11523 - ST 378:17	454790	453705	226766	453973	590019	573594	501205	575520	444237	452344	450376	454695	68610	552380	73372	67066	1	416924	223826	71456	225843	173985	282907	214880	217472	217742	498281	184448	252125	222325	471758	398257	491652	487437	590892	571401	546550	451560	496146	389368	527356	453942	590121	280265	579241	464923	270540	282096	268568	406703	581954	406638	213391	497238	557992	580456	472542	581117	214789	215805	59352	362766	273611	421552	455378	451385
GCF_001723115.1 | Streptomyces griseus NRRL B-2165 - ST 12:18	3922	67214	424847	421170	552071	534994	462055	536468	66490	421260	423487	419180	415939	527272	423953	422536	416924	1	404110	415365	425335	426158	415589	412453	414268	416695	459537	411376	426931	423581	446766	408223	455408	451785	552895	530868	509783	416906	463635	361779	495780	4331	552211	408558	539261	456539	394187	413929	394248	385802	545148	385840	382330	460569	528392	541826	441529	545288	404637	405023	418679	395616	422965	60628	4149	3890
GCF_001905485.1 | Streptomyces sp. TSRI0261 - ST 417:19	438974	441086	263357	444070	572668	555651	487537	560462	426720	444720	444242	443162	227662	536088	236965	232718	223826	404110	1	227773	267629	243465	251261	253334	254979	256338	491762	234003	277715	260200	465364	402767	478837	474883	570029	559733	537002	440552	489258	383461	518176	439910	573222	248796	566154	462629	237104	252323	240225	403658	560891	403487	1797	488650	538931	558153	457590	562617	252566	253020	226034	366815	307874	407573	440836	437113
GCF_001905525.1 | Streptomyces sp. TSRI0395 - ST 419:20	452839	453203	223990	452601	592490	573194	499070	576990	442296	453147	450764	453791	75767	556744	80241	73490	71456	415365	227773	1	228381	173246	287198	215116	216345	217727	497927	182175	253794	221312	470051	400213	491006	486656	589069	570766	552941	450790	494679	389948	528466	453695	592850	283356	581283	465894	272526	281952	267418	404578	586003	404429	216564	502132	557546	578134	472018	581629	213524	215501	68430	366301	275106	421898	453826	451014
GCF_001905575.1 | Streptomyces sp. CB00072 - ST 420:21	461587	462423	120309	451738	594534	570126	495869	575323	449596	451220	451103	449938	224213	548562	236280	231716	225843	425335	267629	228381	1	227923	308976	106985	106087	107990	499144	225993	271490	110858	475626	406782	492211	487984	591670	574418	550813	450332	500040	394563	532435	463132	594769	301713	582368	468891	290273	301198	286308	405516	577027	405441	253839	501010	551652	571719	470804	575283	238053	238412	220349	377612	304864	429520	464372	460100
GCF_001905645.1 | Streptomyces sp. CB02115 - ST 421:22	463503	461554	228435	455413	595936	572587	504216	572480	449880	456046	452195	452579	174265	553100	183546	177917	173985	426158	243465	173246	227923	1	297345	222997	223654	224913	502109	181576	256392	229192	473347	400499	493460	488948	596374	578006	556440	452598	496664	391989	537819	464776	595796	291444	583956	468842	282295	292771	277621	411057	582908	410824	231084	504205	556946	580425	475421	581497	216719	216832	171606	367734	279906	432027	465172	462276
GCF_002188345.1 | Streptomyces sp. CS057 - ST 441:23	451824	454427	308166	443646	579706	558931	488017	565294	438764	446994	445085	443837	286402	537711	296102	292723	282907	415589	251261	287198	308976	297345	1	298326	300688	302348	489144	283430	320732	306368	468373	411569	487191	483107	574281	560639	535713	440331	492979	385627	519332	452556	580631	80219	565810	465555	76157	89576	84473	403380	566473	403234	239633	491834	541653	562087	460463	564424	296303	294632	284274	383520	330423	421682	453636	449353
GCF_002551015.1 | Streptomyces sp. wa1071 - ST 449:24	444479	446999	105112	435422	569932	550833	480049	556001	434368	436791	434847	433861	216086	525310	221378	217225	214880	412453	253334	215116	106985	222997	298326	1	61525	1366	487112	221161	261707	67422	459425	395782	477016	474612	564646	556946	526952	432759	479091	376099	518219	445541	569427	294663	558033	453678	288882	296123	283994	388826	552108	388760	241241	481251	528862	547626	453938	550922	230527	230796	213794	361578	296351	420203	446042	442651
GCF_002551045.1 | Streptomyces sp. wa1063 - ST 450:25	446603	449775	111955	441390	570675	550955	481938	559894	436440	440395	438947	438445	217393	526134	222659	218989	217472	414268	254979	216345	106087	223654	300688	61525	1	57977	488692	219598	264094	64520	459895	396427	477356	474682	563299	560288	528485	437283	481728	381013	518248	447460	570951	296033	560441	456482	290070	295395	282683	392761	552628	392670	242865	481646	529391	548172	455539	550196	233981	232672	214137	361196	299513	421334	448677	444472
GCF_002551055.1 | Streptomyces sp. wa1002 - ST 449:26	449487	451960	106381	441593	575614	556330	485184	560507	440155	442790	440953	439894	218748	529255	223470	219226	217742	416695	256338	217727	107990	224913	302348	1366	57977	1	490490	221909	262861	68396	463311	399027	480701	477693	571402	558217	532805	439089	484804	380291	522169	450444	575688	297166	563354	458649	288241	299105	285445	393957	557669	393888	243698	485940	533106	552933	458332	555278	233742	233667	215226	363078	299162	422827	451726	447404
GCF_002551145.1 | Streptomyces sp. st115 - ST 453:27	500104	501821	498977	448780	571635	568632	86010	575324	491277	448264	448511	448933	497184	548612	498763	497497	498281	459537	491762	497927	499144	502109	489144	487112	488692	490490	1	485981	507035	496747	274251	418279	84010	83652	570925	563218	549318	445288	255129	386079	524738	499931	571220	481415	567719	346164	471968	484961	462235	408129	576419	408057	467021	88530	549046	573653	456692	574318	491625	490760	494273	471980	500776	468391	500982	496731
GCF_002551225.1 | Streptomyces sp. rh206 - ST 455:28	447189	450079	226411	448462	573875	563690	491801	564466	436523	450266	449520	447736	185951	543411	195187	190892	184448	411376	234003	182175	225993	181576	283430	221161	219598	221909	485981	1	242006	225234	475964	398091	485726	482122	573363	561615	541592	443312	482860	387843	524535	447403	573997	276887	571181	457599	269277	280543	267720	399200	571789	399290	224941	491367	544433	563665	467645	565479	203180	206176	179220	362928	268247	418225	447351	444329
GCF_002551305.1 | Streptomyces sp. or20 - ST 456:29	462236	464437	277332	456882	597776	575163	502803	580210	448587	458343	452296	458455	255611	555840	262600	257947	252125	426931	277715	253794	271490	256392	320732	261707	264094	262861	507035	242006	1	267437	476964	406200	499653	495456	598975	576740	551202	454864	500135	398880	538083	463640	598020	315355	586810	471063	303996	314884	299886	412573	586898	413097	264452	503577	560537	577835	476595	583882	235461	238665	252250	375592	271855	431124	464926	460748
GCF_002551465.1 | Streptomyces sp. b84 - ST 463:30	457511	462711	116746	451262	588908	565524	495184	568779	449285	450954	451033	450676	223865	540714	229283	225388	222325	423581	260200	221312	110858	229192	306368	67422	64520	68396	496747	225234	267437	1	471551	406092	486327	482766	582500	569248	543349	447037	494286	388286	526922	459225	588911	301175	575212	467213	288240	301146	286643	401857	569104	401741	247309	495180	545126	563330	468205	565513	239251	240970	220465	368870	305618	427766	460922	456854
GCF_002910875.1 | Streptomyces sp. SM13 - ST 480:31	482677	486752	469570	437604	545442	555862	278415	557907	472826	441174	441061	437240	471212	532596	476178	475747	471758	446766	465364	470051	475626	473347	468373	459425	459895	463311	274251	475964	476964	471551	1	422612	278886	277424	544819	539913	530401	434170	208502	383227	508866	482157	545134	462272	547508	316745	445114	464060	442355	403006	559552	403378	448156	277582	534238	553915	451936	555466	471090	474428	467686	464870	476141	451122	483425	479830
GCF_002910905.1 | Streptomyces sp. SM11 - ST 481:32	443445	442467	403488	406090	514136	507811	424530	515250	435598	404410	405963	407376	398163	482734	405795	404014	398257	408223	402767	400213	406782	400499	411569	395782	396427	399027	418279	398091	406200	406092	422612	1	418736	414683	512206	507427	496590	407895	408895	350582	466658	442578	513509	404714	514997	384879	389719	406030	386449	390369	506128	389984	392037	424916	487222	503385	425358	505074	397999	396458	397188	398304	411026	411322	443734	440838
GCF_002910935.1 | Streptomyces sp. B226SN101 - ST 482:33	493317	495062	488534	448253	563064	567067	66842	565210	479727	452979	452368	451657	492874	545109	494643	492876	491652	455408	478837	491006	492211	493460	487191	477016	477356	480701	84010	485726	499653	486327	278886	418736	1	1603	556620	553591	541700	446007	252740	388647	515657	492426	563108	476775	564262	342494	459659	480010	457976	406340	571640	406580	460564	71389	546110	567376	457605	569176	490476	491921	488319	471906	491637	458088	494171	490670
GCF_002910985.1 | Streptomyces sp. B188M101 - ST 482:34	488567	490844	484200	445823	558768	561921	66713	560331	475598	450513	449860	449264	488949	541254	490336	488880	487437	451785	474883	486656	487984	488948	483107	474612	474682	477693	83652	482122	495456	482766	277424	414683	1603	1	552896	548683	537603	444485	249345	387678	513476	487560	559417	472951	561447	339693	457716	476422	457020	404903	566671	405073	456391	70513	541840	562342	453778	564091	486247	487310	484686	468500	487442	457214	489673	486108
GCF_003116675.1 | Streptomyces sp. CS090A - ST 492:35	597370	595550	587911	449162	103288	479807	568719	483640	588790	447088	446835	447002	586711	464064	590749	591624	590892	552895	570029	589069	591670	596374	574281	564646	563299	571402	570925	573363	598975	582500	544819	512206	556620	552896	1	269416	420894	449243	580666	385443	247042	597060	103126	568227	272463	579703	547651	570758	543449	409552	492295	409648	551456	570119	467623	484298	535280	487451	575942	572834	587742	563339	584519	557953	597878	593443
GCF_003367645.1 | Streptomyces sp. IB2014 011-12 - ST 503:36	574533	574781	567356	448997	269415	463825	563858	470242	571865	449726	449004	454340	568911	438911	572265	573216	571401	530868	559733	570766	574418	578006	560639	556946	560288	558217	563218	561615	576740	569248	539913	507427	553591	548683	269416	1	414350	445496	569994	387929	238335	574016	269585	548572	84087	573902	540182	552508	525637	411029	465415	411082	555568	564579	444031	462344	528071	462558	566938	567649	570925	557219	568507	536867	574386	570090
GCF_003610995.1 | Streptomyces griseus ATCC 13273 - ST 509:37	552901	551867	543784	434595	422808	459121	551524	457418	549418	432496	429701	435333	543771	450108	548403	548159	546550	509783	537002	552941	550813	556440	535713	526952	528485	532805	549318	541592	551202	543349	530401	496590	541700	537603	420894	414350	1	433177	553592	371350	380809	551887	422637	527971	413444	550766	510148	528085	501278	401092	473010	400987	533440	553197	450814	472087	510737	473923	547271	543203	549432	531871	538433	510603	553324	549326
GCF_004524875.1 | Streptomyces sp. S501 - ST 566:38	446672	445269	444010	42049	446183	451332	449372	452433	440048	47300	43674	55883	448962	433671	454498	455638	451560	416906	440552	450790	450332	452598	440331	432759	437283	439089	445288	443312	454864	447037	434170	407895	446007	444485	449243	445496	433177	1	446030	43860	413052	445837	446322	437393	453319	446610	426254	440373	423891	428259	455842	428238	437560	453127	436919	449240	421007	451120	452741	452203	452011	438535	450983	424450	446946	443582
GCF_005234185.1 | Streptomyces sp. BPSDS2 - ST 574:39	506150	506808	498763	446076	586065	582037	257314	581889	494267	448598	447718	448073	495149	556851	495871	494208	496146	463635	489258	494679	500040	496664	492979	479091	481728	484804	255129	482860	500135	494286	208502	408895	252740	249345	580666	569994	553592	446030	1	386376	529192	506945	586744	487150	581577	325019	465628	485814	461064	406799	584713	406884	466724	258000	557635	585066	451308	582999	487312	483068	491585	469795	492315	466500	507811	503673
GCF_009862355.1 | Streptomyces sp. SID7834 - ST 623:40	386415	388631	385085	43713	385429	390800	390762	392283	383679	44209	44763	52126	390851	375383	395294	397081	389368	361779	383461	389948	394563	391989	385627	376099	381013	380291	386079	387843	398880	388286	383227	350582	388647	387678	385443	387929	371350	43860	386376	1	345676	374345	372825	368966	378332	376851	357668	369937	358229	361367	381886	361834	370334	380446	366076	372775	356564	378326	380340	379876	378528	371170	385949	357269	374767	371670
GCF_009865505.1 | Streptomyces sp. SID2119 - ST 637:41	532101	530492	529703	412602	249043	436859	522031	443521	523689	414784	411334	414100	527992	429005	530682	531434	527356	495780	518176	528466	532435	537819	519332	518219	518248	522169	524738	524535	538083	526922	508866	466658	515657	513476	247042	238335	380809	413052	529192	345676	1	530831	248849	515210	243557	534267	504331	519149	503060	379923	448280	379813	504945	523390	430506	446287	492534	449068	524437	525421	526335	517638	521507	506344	531512	527527
GCF_009866455.1 | Streptomyces griseus CGMCC 4.18 - ST 12:42	1025	70508	461995	449586	596815	579112	503772	580962	70135	448328	451980	448337	452600	566401	461890	460410	453942	4331	439910	453695	463132	464776	452556	445541	447460	450444	499931	447403	463640	459225	482157	442578	492426	487560	597060	574016	551887	445837	506945	374345	530831	1	596304	445206	582999	496739	426217	449485	426417	408390	590925	408507	415616	502424	566493	587349	477357	590279	440126	440356	456179	421542	457833	63159	1099	1052
GCF_009872615.1 | Streptomyces sp. SID5594 - ST 253:43	597097	598789	589762	448255	0	483702	571874	486862	586725	447998	447113	449074	588408	464979	591042	592262	590121	552211	573222	592850	594769	595796	580631	569427	570951	575688	571220	573997	598020	588911	545134	513509	563108	559417	103126	269585	422637	446322	586744	372825	248849	596304	1	567054	278939	583335	548960	569815	540764	408935	492429	408736	553100	573355	468594	485409	531681	486615	579728	576584	587872	565851	583885	554895	597819	592800
GCF_010548045.1 | Streptomyces anulatus SID10689 - ST 645:44	444814	445766	302331	440510	567054	550364	480921	553736	431421	439912	437816	439547	284001	531012	288222	285548	280265	408558	248796	283356	301713	291444	80219	294663	296033	297166	481415	276887	315355	301175	462272	404714	476775	472951	568227	548572	527971	437393	487150	368966	515210	445206	567054	1	554563	460748	61807	83807	79839	398059	555050	397875	236003	481663	531464	552215	450094	553990	288882	287396	280826	372532	322760	414801	444736	438274
GCF_010548165.1 | Streptomyces cyaneofuscatus SID10855 - ST 646:45	583114	583950	575064	453215	278939	474232	573354	479889	575763	449936	450494	460168	580271	451738	578887	579846	579241	539261	566154	581283	582368	583956	565810	558033	560441	563354	567719	571181	586810	575212	547508	514997	564262	561447	272463	84087	413444	453319	581577	378332	243557	582999	278939	554563	1	581895	538755	557741	531266	410937	476630	411107	554029	576895	454576	474718	531792	474018	578278	578257	579986	563905	577236	542237	583267	578974
GCF_010548505.1 | Streptomyces sp. SID14515 - ST 652:46	497457	498410	466747	449267	583335	576560	346774	575208	484688	446871	447072	447937	465815	550746	467804	465753	464923	456539	462629	465894	468891	468842	465555	453678	456482	458649	346164	457599	471063	467213	316745	384879	342494	339693	579703	573902	550766	446610	325019	376851	534267	496739	583335	460748	581895	1	438684	459999	435963	406391	580065	406618	442384	349245	552898	579510	450696	579877	459971	462091	466417	452359	466374	457001	497032	492842
GCF_010548615.1 | Streptomyces anulatus SID505 - ST 653:47	425978	426366	291331	428584	548960	533912	462572	543386	412040	425421	421965	424029	272387	517380	279873	276161	270540	394187	237104	272526	290273	282295	76157	288882	290070	288241	471968	269277	303996	288240	445114	389719	459659	457716	547651	540182	510148	426254	465628	357668	504331	426217	548960	61807	538755	438684	1	79346	77337	384095	539515	383935	225722	464231	517650	538195	434555	538680	278203	278283	272512	361203	306758	405625	427691	423356
GCF_010548705.1 | Streptomyces anulatus SID7903 - ST 655:48	449187	446247	302572	440247	569815	551439	484805	555381	434830	440637	439468	441035	282801	532917	288904	285780	282096	413929	252323	281952	301198	292771	89576	296123	295395	299105	484961	280543	314884	301146	464060	406030	480010	476422	570758	552508	528085	440373	485814	369937	519149	449485	569815	83807	557741	459999	79346	1	349	400020	558940	399393	241008	487927	534332	557065	456003	556388	293471	290441	278564	375181	321621	419798	450137	446133
GCF_010550525.1 | Streptomyces anulatus SID9598 - ST 655:49	426512	422529	287361	423978	540764	525542	460605	528945	411745	425121	423873	424877	268461	509057	274813	271781	268568	394248	240225	267418	286308	277621	84473	283994	282683	285445	462235	267720	299886	286643	442355	386449	457976	457020	543449	525637	501278	423891	461064	358229	503060	426417	540764	79839	531266	435963	77337	349	1	382957	531221	382770	229205	462884	509562	530927	434520	530099	278187	275265	265441	356348	305696	405632	426971	423290
GCF_013167895.1 | Streptomyces fulvorobeus NBRC 15897 - ST 51:50	408779	407137	401543	428732	408935	421779	411669	425048	401586	425661	427201	427582	403654	409611	407164	407774	406703	385802	403658	404578	405516	411057	403380	388826	392761	393957	408129	399200	412573	401857	403006	390369	406340	404903	409552	411029	401092	428259	406799	361367	379923	408390	408935	398059	410937	406391	384095	400020	382957	1	429735	1040	401483	411066	412773	424305	391856	427386	412345	412076	406791	398628	411922	385843	410799	406844
GCF_013364315.1 | Streptomyces fulvissimus NA06532 - ST 681:51	592973	594222	572635	456678	492429	181943	577895	185288	580401	453972	454464	456226	582913	51770	585340	584833	581954	545148	560891	586003	577027	582908	566473	552108	552628	557669	576419	571789	586898	569104	559552	506128	571640	566671	492295	465415	473010	455842	584713	381886	448280	590925	492429	555050	476630	580065	539515	558940	531221	429735	1	429351	547628	581219	53886	48695	536398	48910	572808	574000	582490	566457	568643	554500	592317	587374
GCF_013409565.1 | Streptomyces fulvorobeus DSM 41455 - ST 51:52	408738	407271	401556	428801	408736	421953	411599	425248	401937	426160	427844	427515	403475	409692	406980	407619	406638	385840	403487	404429	405441	410824	403234	388760	392670	393888	408057	399290	413097	401741	403378	389984	406580	405073	409648	411082	400987	428238	406884	361834	379813	408507	408736	397875	411107	406618	383935	399393	382770	1040	429351	1	401231	411112	413198	424583	392213	427573	412669	412072	406549	398660	411892	386006	410922	406970
GCF_014495705.1 | Streptomyces sp. CB00271 - ST 417:53	415722	417551	250117	440383	553100	543347	468819	546357	416442	439667	439061	438389	216921	521690	225627	221507	213391	382330	1797	216564	253839	231084	239633	241241	242865	243698	467021	224941	264452	247309	448156	392037	460564	456391	551456	555568	533440	437560	466724	370334	504945	415616	553100	236003	554029	442384	225722	241008	229205	401483	547628	401231	1	469970	525382	545962	439941	549864	241791	242364	215423	351447	295139	384768	417287	413669
GCF_014655335.1 | Streptomyces griseus JCM 4516 - ST 718:54	501762	499496	496105	454582	573355	574832	71810	577259	489130	453315	454226	457101	500261	553856	502847	501113	497238	460569	488650	502132	501010	504205	491834	481251	481646	485940	88530	491367	503577	495180	277582	424916	71389	70513	570119	564579	553197	453127	258000	380446	523390	502424	573355	481663	576895	349245	464231	487927	462884	411066	581219	411112	469970	1	554649	578376	463815	578631	500574	500516	499014	476937	499632	461771	501821	498384
GCF_016653995.1 | Streptomyces sp. MBT58 - ST 739:55	566875	567625	549259	437023	468594	174514	553690	179131	557500	436366	436247	439512	555976	51176	558505	558462	557992	528392	538931	557546	551652	556946	541653	528862	529391	533106	549046	544433	560537	545126	534238	487222	546110	541840	467623	444031	450814	436919	557635	366076	430506	566493	468594	531464	454576	552898	517650	534332	509562	412773	53886	413198	525382	554649	1	48961	516444	49549	545038	548185	555311	543455	541360	534969	567844	563872
GCF_016772455.1 | Streptomyces fulvissimus DF - ST 745:56	590093	587153	566228	448914	485409	183063	578385	184338	576688	446681	445670	447497	574527	47785	579073	578652	580456	541826	558153	578134	571719	580425	562087	547626	548172	552933	573653	563665	577835	563330	553915	503385	567376	562342	484298	462344	472087	449240	585066	372775	446287	587349	485409	552215	474718	579510	538195	557065	530927	424305	48695	424583	545962	578376	48961	1	530915	41341	565952	567378	576082	559356	560314	549268	589483	585111
GCF_016901035.1 | Streptomyces sp. RHZ10 - ST 748:57	476543	478478	464814	426345	531681	531432	464437	531760	466359	424136	425811	426695	472163	513168	474308	473875	472542	441529	457590	472018	470804	475421	460463	453938	455539	458332	456692	467645	476595	468205	451936	425358	457605	453778	535280	528071	510737	421007	451308	356564	492534	477357	531681	450094	531792	450696	434555	456003	434520	391856	536398	392213	439941	463815	516444	530915	1	536892	470666	471554	468272	464719	468562	446887	477352	474570
GCF_017358145.1 | Streptomyces sp. CA-256286 - ST 752:58	592430	591442	568979	451902	486615	181064	576784	185030	578849	447206	448113	449053	578302	50355	580671	581002	581117	545288	562617	581629	575283	581497	564424	550922	550196	555278	574318	565479	583882	565513	555466	505074	569176	564091	487451	462558	473923	451120	582999	378326	449068	590279	486615	553990	474018	579877	538680	556388	530099	427386	48910	427573	549864	578631	49549	41341	536892	1	569154	571132	579300	561549	562332	551653	592172	587567
GCF_018070665.1 | Streptomyces sp. 404i - ST 768:59	440082	441586	237685	456573	579728	569171	499541	569781	426512	454997	453383	454073	216822	544349	220100	216095	214789	404637	252566	213524	238053	216719	296303	230527	233981	233742	491625	203180	235461	239251	471090	397999	490476	486247	575942	566938	547271	452741	487312	380340	524437	440126	579728	288882	578278	459971	278203	293471	278187	412345	572808	412669	241791	500574	545038	565952	470666	569154	1	38395	211847	356220	251327	408907	441506	437313
GCF_018070745.1 | Streptomyces sp. C3-3 - ST 769:60	439277	446288	239794	456807	576584	568599	500500	569706	432904	456058	454123	454530	218635	544746	225476	221200	215805	405023	253020	215501	238412	216832	294632	230796	232672	233667	490760	206176	238665	240970	474428	396458	491921	487310	572834	567649	543203	452203	483068	379876	525421	440356	576584	287396	578257	462091	278283	290441	275265	412076	574000	412072	242364	500516	548185	567378	471554	571132	38395	1	214742	357572	254328	409552	441393	437538
GCF_018530825.1 | Streptomyces sp. Tu10 - ST 772:61	455421	453590	220728	455003	587872	571215	496639	574147	441604	451939	450578	453647	67518	551073	69032	62810	59352	418679	226034	68430	220349	171606	284274	213794	214137	215226	494273	179220	252250	220465	467686	397188	488319	484686	587742	570925	549432	452011	491585	378528	526335	456179	587872	280826	579986	466417	272512	278564	265441	406791	582490	406549	215423	499014	555311	576082	468272	579300	211847	214742	1	364927	275548	421722	456032	452870
GCF_018619185.1 | Streptomyces sp. McG3 - ST 776:62	421454	423998	372441	442493	565851	555720	476941	556603	409629	439337	439307	437666	364676	541909	373003	370780	362766	395616	366815	366301	377612	367734	383520	361578	361196	363078	471980	362928	375592	368870	464870	398304	471906	468500	563339	557219	531871	438535	469795	371170	517638	421542	565851	372532	563905	452359	361203	375181	356348	398628	566457	398660	351447	476937	543455	559356	464719	561549	356220	357572	364927	1	379617	392056	423647	420035
GCF_019049185.1 | Streptomyces anulatus AC569_RSS891 - ST 782:63	457274	460116	303272	452484	583885	564807	498311	568278	447264	452572	450601	451774	275191	538657	284522	281189	273611	422965	307874	275106	304864	279906	330423	296351	299513	299162	500776	268247	271855	305618	476141	411026	491637	487442	584519	568507	538433	450983	492315	385949	521507	457833	583885	322760	577236	466374	306758	321621	305696	411922	568643	411892	295139	499632	541360	560314	468562	562332	251327	254328	275548	379617	1	428979	457865	453941
GCF_900091905.1 | Streptomyces sp. OspMP-M43 - ST 793:64	62161	54376	433249	426447	554895	539086	467048	543332	52349	424201	427190	424067	419878	532592	429261	428835	421552	60628	407573	421898	429520	432027	421682	420203	421334	422827	468391	418225	431124	427766	451122	411322	458088	457214	557953	536867	510603	424450	466500	357269	506344	63159	554895	414801	542237	457001	405625	419798	405632	385843	554500	386006	384768	461771	534969	549268	446887	551653	408907	409552	421722	392056	428979	1	63183	62540
GCF_900105705.1 | Streptomyces griseus DSM 40236 - ST 12:65	455	72474	462874	450183	597819	580667	504492	581472	71496	448636	452594	448527	453854	566563	462002	460546	455378	4149	440836	453826	464372	465172	453636	446042	448677	451726	500982	447351	464926	460922	483425	443734	494171	489673	597878	574386	553324	446946	507811	374767	531512	1099	597819	444736	583267	497032	427691	450137	426971	410799	592317	410922	417287	501821	567844	589483	477352	592172	441506	441393	456032	423647	457865	63183	1	489
GCF_900460065.1 | Streptomyces griseus NCTC13033 - ST 12:66	442	71340	458405	446547	592800	576169	500342	578197	70551	444339	448588	444307	450055	562885	459377	457867	451385	3890	437113	451014	460100	462276	449353	442651	444472	447404	496731	444329	460748	456854	479830	440838	490670	486108	593443	570090	549326	443582	503673	371670	527527	1052	592800	438274	578974	492842	423356	446133	423290	406844	587374	406970	413669	498384	563872	585111	474570	587567	437313	437538	452870	420035	453941	62540	489	1
