	GCF_000720885.1 | Streptomyces albus NRRL B-2362 - ST 256:379	GCF_000813365.1 | Streptomyces albus NBRC 13014 - ST 156:380	GCF_001418125.1 | Streptomyces albus NRRL B-1685 - ST 156:381	GCF_001418545.1 | Streptomyces albus NRRL B-1335 - ST 156:382	GCF_001661615.1 | Streptomyces albus NRRL B-12378 - ST 156:383	GCF_004768505.1 | Streptomyces albus DSM 40763 - ST 256:384	GCF_011006355.1 | Streptomyces albus CAS922 - ST 256:385	GCF_000719865.1 | Streptomyces albus NRRL F-4971 - ST 303:752
GCF_000720885.1 | Streptomyces albus NRRL B-2362 - ST 256:379	1	35870	35735	33556	35076	37235	43895	158816
GCF_000813365.1 | Streptomyces albus NBRC 13014 - ST 156:380	35870	1	3091	3223	3174	36895	44198	157620
GCF_001418125.1 | Streptomyces albus NRRL B-1685 - ST 156:381	35735	3091	1	4015	4474	36188	43571	151490
GCF_001418545.1 | Streptomyces albus NRRL B-1335 - ST 156:382	33556	3223	4015	1	4096	33800	39753	148932
GCF_001661615.1 | Streptomyces albus NRRL B-12378 - ST 156:383	35076	3174	4474	4096	1	35697	41833	151583
GCF_004768505.1 | Streptomyces albus DSM 40763 - ST 256:384	37235	36895	36188	33800	35697	1	45093	159067
GCF_011006355.1 | Streptomyces albus CAS922 - ST 256:385	43895	44198	43571	39753	41833	45093	1	158230
GCF_000719865.1 | Streptomyces albus NRRL F-4971 - ST 303:752	158816	157620	151490	148932	151583	159067	158230	1
