	GCF_000720885.1 | Streptomyces albus NRRL B-2362 - ST 256:379	GCF_000813365.1 | Streptomyces albus NBRC 13014 - ST 156:380	GCF_001418125.1 | Streptomyces albus NRRL B-1685 - ST 156:381	GCF_001418545.1 | Streptomyces albus NRRL B-1335 - ST 156:382	GCF_001661615.1 | Streptomyces albus NRRL B-12378 - ST 156:383	GCF_004768505.1 | Streptomyces albus DSM 40763 - ST 256:384	GCF_011006355.1 | Streptomyces albus CAS922 - ST 256:385	GCF_000719865.1 | Streptomyces albus NRRL F-4971 - ST 303:752
GCF_000720885.1 | Streptomyces albus NRRL B-2362 - ST 256:379	1.0	0.9951358497	0.9949848648	0.9950063284	0.9949309304	0.9951202885	0.9941952941000001	0.8499856424000001
GCF_000813365.1 | Streptomyces albus NBRC 13014 - ST 156:380	0.9951358497	1.0	0.9995697215	0.9995279135	0.9995477186	0.9950616223000001	0.9940814837	0.8500867408
GCF_001418125.1 | Streptomyces albus NRRL B-1685 - ST 156:381	0.9949848648	0.9995697215	1.0	0.9994033982	0.9993499313	0.9950054717000001	0.9939729979	0.8505900848
GCF_001418545.1 | Streptomyces albus NRRL B-1335 - ST 156:382	0.9950063284	0.9995279135	0.9994033982	1.0	0.9993888109000001	0.9950439868000001	0.9941510177	0.8504338395000001
GCF_001661615.1 | Streptomyces albus NRRL B-12378 - ST 156:383	0.9949309304	0.9995477186	0.9993499313	0.9993888109000001	1.0	0.9949176765000001	0.994023379	0.8506568486
GCF_004768505.1 | Streptomyces albus DSM 40763 - ST 256:384	0.9951202885	0.9950616223000001	0.9950054717000001	0.9950439868000001	0.9949176765000001	1.0	0.994135858	0.8500936285
GCF_011006355.1 | Streptomyces albus CAS922 - ST 256:385	0.9941952941000001	0.9940814837	0.9939729979	0.9941510177	0.994023379	0.994135858	1.0	0.8511860536
GCF_000719865.1 | Streptomyces albus NRRL F-4971 - ST 303:752	0.8499856424000001	0.8500867408	0.8505900848	0.8504338395000001	0.8506568486	0.8500936285	0.8511860536	1.0
