	GCF_000253235.1 | Streptomyces venezuelae ATCC 10712 - ST 244:320	GCF_001886595.1 | Streptomyces venezuelae NRRL B-65442 - ST 17:322	GCF_008639045.1 | Streptomyces venezuelae ATCC 21113 - ST 599:323	GCF_008639165.1 | Streptomyces venezuelae ATCC 10712 - ST 17:324	GCF_008705255.1 | Streptomyces venezuelae ATCC 10595 - ST 607:325	GCF_008642275.1 | Streptomyces venezuelae ATCC 21018 - ST 600:725	GCF_008642375.1 | Streptomyces venezuelae ATCC 15068 - ST 601:762
GCF_000253235.1 | Streptomyces venezuelae ATCC 10712 - ST 244:320	1.0	0.999413018	0.9841743511000001	0.9994078481	0.9814882428	0.857748983	0.8907687357
GCF_001886595.1 | Streptomyces venezuelae NRRL B-65442 - ST 17:322	0.999413018	1.0	0.9847158642	0.9999902703	0.9818352175	0.8580977182	0.8909909614
GCF_008639045.1 | Streptomyces venezuelae ATCC 21113 - ST 599:323	0.9841743511000001	0.9847158642	1.0	0.9847040415	0.9813307775000001	0.8584054848	0.8909774472
GCF_008639165.1 | Streptomyces venezuelae ATCC 10712 - ST 17:324	0.9994078481	0.9999902703	0.9847040415	1.0	0.9818678806000001	0.8581217362	0.8910133018
GCF_008705255.1 | Streptomyces venezuelae ATCC 10595 - ST 607:325	0.9814882428	0.9818352175	0.9813307775000001	0.9818678806000001	1.0	0.8582608765	0.8911171594
GCF_008642275.1 | Streptomyces venezuelae ATCC 21018 - ST 600:725	0.857748983	0.8580977182	0.8584054848	0.8581217362	0.8582608765	1.0	0.8589083068000001
GCF_008642375.1 | Streptomyces venezuelae ATCC 15068 - ST 601:762	0.8907687357	0.8909909614	0.8909774472	0.8910133018	0.8911171594	0.8589083068000001	1.0
