	GCF_000253235.1 | Streptomyces venezuelae ATCC 10712 - ST 244:320	GCF_001886595.1 | Streptomyces venezuelae NRRL B-65442 - ST 17:322	GCF_008639045.1 | Streptomyces venezuelae ATCC 21113 - ST 599:323	GCF_008639165.1 | Streptomyces venezuelae ATCC 10712 - ST 17:324	GCF_008705255.1 | Streptomyces venezuelae ATCC 10595 - ST 607:325	GCF_008642275.1 | Streptomyces venezuelae ATCC 21018 - ST 600:725	GCF_008642375.1 | Streptomyces venezuelae ATCC 15068 - ST 601:762
GCF_000253235.1 | Streptomyces venezuelae ATCC 10712 - ST 244:320	8226158	8385265	7524494	8384673	7455208	2052379	5276612
GCF_001886595.1 | Streptomyces venezuelae NRRL B-65442 - ST 17:322	8385265	8380320	7548415	8222213	7484813	2064773	5305716
GCF_008639045.1 | Streptomyces venezuelae ATCC 21113 - ST 599:323	7524494	7548415	7893803	7543692	7402665	2036456	5302169
GCF_008639165.1 | Streptomyces venezuelae ATCC 10712 - ST 17:324	8384673	8222213	7543692	8223505	7476677	2063001	5304106
GCF_008705255.1 | Streptomyces venezuelae ATCC 10595 - ST 607:325	7455208	7484813	7402665	7476677	7871480	2013382	5270206
GCF_008642275.1 | Streptomyces venezuelae ATCC 21018 - ST 600:725	2052379	2064773	2036456	2063001	2013382	7746267	1962511
GCF_008642375.1 | Streptomyces venezuelae ATCC 15068 - ST 601:762	5276612	5305716	5302169	5304106	5270206	1962511	8558202
