	GCF_000715745.1 | Streptomyces californicus NRRL B-3320 - ST 2:603	GCF_000717645.1 | Streptomyces californicus NRRL B-2098 - ST 2:604	GCF_000717665.1 | Streptomyces californicus NRRL 2423 - ST 49:605	GCF_000718245.1 | Streptomyces californicus NRRL B-2988 - ST 2:609	GCF_016906185.1 | Streptomyces californicus FDAARGOS_1209 - ST 2:625	GCF_016906205.1 | Streptomyces californicus FDAARGOS_1212 - ST 2:626	GCF_016906225.1 | Streptomyces californicus FDAARGOS_1211 - ST 2:627	GCF_016906245.1 | Streptomyces californicus FDAARGOS_1213 - ST 2:628	GCF_016906265.1 | Streptomyces californicus FDAARGOS_1210 - ST 128:629
GCF_000715745.1 | Streptomyces californicus NRRL B-3320 - ST 2:603	8023053	7614260	7242887	7621843	7614778	7671440	7617871	7669939	7237829
GCF_000717645.1 | Streptomyces californicus NRRL B-2098 - ST 2:604	7614260	7785545	7308186	7960259	7805947	8155748	7965579	8154211	7319449
GCF_000717665.1 | Streptomyces californicus NRRL 2423 - ST 49:605	7242887	7308186	7896344	7314128	7314842	7327882	7318735	7327162	7588405
GCF_000718245.1 | Streptomyces californicus NRRL B-2988 - ST 2:609	7621843	7960259	7314128	7783343	7909970	8115004	8037118	8113520	7337170
GCF_016906185.1 | Streptomyces californicus FDAARGOS_1209 - ST 2:625	7614778	7805947	7314842	7909970	8031696	8465840	8247396	8460078	7416970
GCF_016906205.1 | Streptomyces californicus FDAARGOS_1212 - ST 2:626	7671440	8155748	7327882	8115004	8465840	8082614	8382229	8086844	7431482
GCF_016906225.1 | Streptomyces californicus FDAARGOS_1211 - ST 2:627	7617871	7965579	7318735	8037118	8247396	8382229	8053224	8442532	7428021
GCF_016906245.1 | Streptomyces californicus FDAARGOS_1213 - ST 2:628	7669939	8154211	7327162	8113520	8460078	8086844	8442532	8084048	7430653
GCF_016906265.1 | Streptomyces californicus FDAARGOS_1210 - ST 128:629	7237829	7319449	7588405	7337170	7416970	7431482	7428021	7430653	8221537
