	GCF_003865155.1 | Streptomyces rimosus NBRC 15454 - ST 520:216	GCF_000718755.1 | Streptomyces rimosus NRRL WC-3560 - ST 287:219	GCF_000719185.1 | Streptomyces rimosus NRRL B-2660 - ST 287:220	GCF_000331185.2 | Streptomyces rimosus ATCC 10970 - ST 249:652	GCF_000707925.2 | Streptomyces rimosus R6-500 - ST 249:653	GCF_000716515.1 | Streptomyces rimosus NRRL B-16073 - ST 269:654	GCF_000717285.1 | Streptomyces rimosus NRRL ISP-5260 - ST 249:656	GCF_000718675.1 | Streptomyces rimosus NRRL WC-3930 - ST 285:658	GCF_000718715.1 | Streptomyces rimosus NRRL WC-3874 - ST 249:659	GCF_000718835.1 | Streptomyces rimosus NRRL WC-3876 - ST 249:661	GCF_000718865.1 | Streptomyces rimosus NRRL WC-3882 - ST 249:662	GCF_000720565.1 | Streptomyces rimosus NRRL WC-3925 - ST 249:663	GCF_000720605.1 | Streptomyces rimosus NRRL WC-3558 - ST 249:664	GCF_000720715.1 | Streptomyces rimosus NRRL WC-3900 - ST 249:665	GCF_000721045.1 | Streptomyces rimosus NRRL B-2626 - ST 249:666	GCF_000721665.1 | Streptomyces rimosus NRRL WC-3929 - ST 285:667	GCF_001279015.1 | Streptomyces rimosus NRRL WC-3909 - ST 249:669	GCF_001279065.1 | Streptomyces rimosus NRRL WC-3869 - ST 323:671	GCF_001279075.1 | Streptomyces rimosus NRRL WC-3875 - ST 249:672	GCF_001279095.1 | Streptomyces rimosus NRRL WC-3899 - ST 249:673	GCF_001279105.1 | Streptomyces rimosus NRRL WC-3873 - ST 249:674	GCF_001279345.1 | Streptomyces rimosus NRRL WC-3896 - ST 352:675	GCF_001279375.1 | Streptomyces rimosus NRRL WC-3898 - ST 249:677	GCF_001507395.1 | Streptomyces rimosus NRRL WC-3897 - ST 249:678	GCF_006229535.1 | Streptomyces rimosus WT5260 - ST 249:684	GCF_008704655.1 | Streptomyces rimosus ATCC 10970 - ST 249:686
GCF_003865155.1 | Streptomyces rimosus NBRC 15454 - ST 520:216	1	605394	642310	642256	614555	638123	640232	626290	636679	565949	566573	625947	640296	629285	640365	639713	635211	639124	639049	633311	639105	628427	638946	639193	642292	641365
GCF_000718755.1 | Streptomyces rimosus NRRL WC-3560 - ST 287:219	605394	1	1842	287328	266110	289285	286537	277044	285265	255218	245354	278900	286966	284653	285984	283802	277433	286345	283345	281828	283994	284826	283944	284755	287262	286888
GCF_000719185.1 | Streptomyces rimosus NRRL B-2660 - ST 287:220	642310	1842	1	304517	281900	306757	303999	294359	303296	267242	261265	296139	304484	295950	303770	301464	292957	300005	300547	299248	301352	293724	301423	301767	304449	304084
GCF_000331185.2 | Streptomyces rimosus ATCC 10970 - ST 249:652	642256	287328	304517	1	530	117420	757	229347	1832	1945	1920	1735	1386	1088	493	234380	1564	183625	1586	1755	1986	118771	1699	1268	512	151
GCF_000707925.2 | Streptomyces rimosus R6-500 - ST 249:653	614555	266110	281900	530	1	107928	951	209838	1956	2187	1854	2145	1517	1289	898	215135	1913	165201	1473	2179	1839	108872	1741	1295	727	1233
GCF_000716515.1 | Streptomyces rimosus NRRL B-16073 - ST 269:654	638123	289285	306757	117420	107928	1	118136	219217	116812	102354	100561	114184	118318	114172	117178	223944	111523	177273	116070	115631	116621	114092	116480	116590	117857	115128
GCF_000717285.1 | Streptomyces rimosus NRRL ISP-5260 - ST 249:656	640232	286537	303999	757	951	118136	1	228615	1917	1666	1731	2346	2075	1244	1512	234180	1253	182938	1406	1879	1577	118297	1439	1137	958	831
GCF_000718675.1 | Streptomyces rimosus NRRL WC-3930 - ST 285:658	626290	277044	294359	229347	209838	219217	228615	1	226104	201117	195260	221419	228408	220654	227410	1808	217875	206654	225949	224384	225921	214153	225493	226087	229337	226004
GCF_000718715.1 | Streptomyces rimosus NRRL WC-3874 - ST 249:659	636679	285265	303296	1832	1956	116812	1917	226104	1	2432	2297	2666	2223	1896	2102	232112	2364	181180	2179	2196	2272	116904	2273	2052	1840	1944
GCF_000718835.1 | Streptomyces rimosus NRRL WC-3876 - ST 249:661	565949	255218	267242	1945	2187	102354	1666	201117	2432	1	1904	2351	2015	1583	1506	206892	1896	157402	2230	1731	1977	105910	2086	1719	1802	2706
GCF_000718865.1 | Streptomyces rimosus NRRL WC-3882 - ST 249:662	566573	245354	261265	1920	1854	100561	1731	195260	2297	1904	1	2523	1831	1602	1775	201097	2417	153288	1638	1874	2341	102447	2016	1730	1752	3181
GCF_000720565.1 | Streptomyces rimosus NRRL WC-3925 - ST 249:663	625947	278900	296139	1735	2145	114184	2346	221419	2666	2351	2523	1	2084	2371	2040	227187	2042	177208	1696	1792	2244	115711	2366	1948	1553	1793
GCF_000720605.1 | Streptomyces rimosus NRRL WC-3558 - ST 249:664	640296	286966	304484	1386	1517	118318	2075	228408	2223	2015	1831	2084	1	1702	2117	234029	1265	183099	1812	1545	1936	118925	1807	1569	1065	1360
GCF_000720715.1 | Streptomyces rimosus NRRL WC-3900 - ST 249:665	629285	284653	295950	1088	1289	114172	1244	220654	1896	1583	1602	2371	1702	1	1521	226497	1933	179688	1583	2040	1729	117981	1561	1276	1423	1314
GCF_000721045.1 | Streptomyces rimosus NRRL B-2626 - ST 249:666	640365	285984	303770	493	898	117178	1512	227410	2102	1506	1775	2040	2117	1521	1	233548	1424	182507	1309	1438	1743	118283	1342	1096	459	616
GCF_000721665.1 | Streptomyces rimosus NRRL WC-3929 - ST 285:667	639713	283802	301464	234380	215135	223944	234180	1808	232112	206892	201097	227187	234029	226497	233548	1	223406	210453	231493	230476	231666	218554	231288	231919	234597	231096
GCF_001279015.1 | Streptomyces rimosus NRRL WC-3909 - ST 249:669	635211	277433	292957	1564	1913	111523	1253	217875	2364	1896	2417	2042	1265	1933	1424	223406	1	173742	1715	2327	2232	114514	1847	1604	1764	1654
GCF_001279065.1 | Streptomyces rimosus NRRL WC-3869 - ST 323:671	639124	286345	300005	183625	165201	177273	182938	206654	181180	157402	153288	177208	183099	179688	182507	210453	173742	1	180058	180322	181964	179923	181692	182099	183221	182018
GCF_001279075.1 | Streptomyces rimosus NRRL WC-3875 - ST 249:672	639049	283345	300547	1586	1473	116070	1406	225949	2179	2230	1638	1696	1812	1583	1309	231493	1715	180058	1	1743	1963	118093	2065	1836	1581	1662
GCF_001279095.1 | Streptomyces rimosus NRRL WC-3899 - ST 249:673	633311	281828	299248	1755	2179	115631	1879	224384	2196	1731	1874	1792	1545	2040	1438	230476	2327	180322	1743	1	2159	116973	1959	2058	1757	1539
GCF_001279105.1 | Streptomyces rimosus NRRL WC-3873 - ST 249:674	639105	283994	301352	1986	1839	116621	1577	225921	2272	1977	2341	2244	1936	1729	1743	231666	2232	181964	1963	2159	1	118409	2142	2016	2119	1853
GCF_001279345.1 | Streptomyces rimosus NRRL WC-3896 - ST 352:675	628427	284826	293724	118771	108872	114092	118297	214153	116904	105910	102447	115711	118925	117981	118283	218554	114514	179923	118093	116973	118409	1	118389	118615	118752	116358
GCF_001279375.1 | Streptomyces rimosus NRRL WC-3898 - ST 249:677	638946	283944	301423	1699	1741	116480	1439	225493	2273	2086	2016	2366	1807	1561	1342	231288	1847	181692	2065	1959	2142	118389	1	1788	2204	1612
GCF_001507395.1 | Streptomyces rimosus NRRL WC-3897 - ST 249:678	639193	284755	301767	1268	1295	116590	1137	226087	2052	1719	1730	1948	1569	1276	1096	231919	1604	182099	1836	2058	2016	118615	1788	1	1373	1172
GCF_006229535.1 | Streptomyces rimosus WT5260 - ST 249:684	642292	287262	304449	512	727	117857	958	229337	1840	1802	1752	1553	1065	1423	459	234597	1764	183221	1581	1757	2119	118752	2204	1373	1	438
GCF_008704655.1 | Streptomyces rimosus ATCC 10970 - ST 249:686	641365	286888	304084	151	1233	115128	831	226004	1944	2706	3181	1793	1360	1314	616	231096	1654	182018	1662	1539	1853	116358	1612	1172	438	1
