	GCF_000720885.1 | Streptomyces albus NRRL B-2362 - ST 256:379	GCF_000813365.1 | Streptomyces albus NBRC 13014 - ST 156:380	GCF_001418125.1 | Streptomyces albus NRRL B-1685 - ST 156:381	GCF_001418545.1 | Streptomyces albus NRRL B-1335 - ST 156:382	GCF_001661615.1 | Streptomyces albus NRRL B-12378 - ST 156:383	GCF_004768505.1 | Streptomyces albus DSM 40763 - ST 256:384	GCF_011006355.1 | Streptomyces albus CAS922 - ST 256:385	GCF_000719865.1 | Streptomyces albus NRRL F-4971 - ST 303:752
GCF_000720885.1 | Streptomyces albus NRRL B-2362 - ST 256:379	7845903	7374361	7125431	6719705	6919613	7630574	7561968	1058672
GCF_000813365.1 | Streptomyces albus NBRC 13014 - ST 156:380	7374361	7594511	7183719	6827139	7017755	7471077	7467750	1051408
GCF_001418125.1 | Streptomyces albus NRRL B-1685 - ST 156:381	7125431	7183719	7375232	6729782	6882349	7245529	7229299	1013922
GCF_001418545.1 | Streptomyces albus NRRL B-1335 - ST 156:382	6719705	6827139	6729782	6963283	6701690	6819998	6796567	995760
GCF_001661615.1 | Streptomyces albus NRRL B-12378 - ST 156:383	6919613	7017755	6882349	6701690	7195882	7023756	6999440	1014998
GCF_004768505.1 | Streptomyces albus DSM 40763 - ST 256:384	7630574	7471077	7245529	6819998	7023756	8106237	7689616	1061109
GCF_011006355.1 | Streptomyces albus CAS922 - ST 256:385	7561968	7467750	7229299	6796567	6999440	7689616	8069210	1063274
GCF_000719865.1 | Streptomyces albus NRRL F-4971 - ST 303:752	1058672	1051408	1013922	995760	1014998	1061109	1063274	6938318
