	GCF_000715745.1 | Streptomyces californicus NRRL B-3320 - ST 2:603	GCF_000717645.1 | Streptomyces californicus NRRL B-2098 - ST 2:604	GCF_000717665.1 | Streptomyces californicus NRRL 2423 - ST 49:605	GCF_000718245.1 | Streptomyces californicus NRRL B-2988 - ST 2:609	GCF_016906185.1 | Streptomyces californicus FDAARGOS_1209 - ST 2:625	GCF_016906205.1 | Streptomyces californicus FDAARGOS_1212 - ST 2:626	GCF_016906225.1 | Streptomyces californicus FDAARGOS_1211 - ST 2:627	GCF_016906245.1 | Streptomyces californicus FDAARGOS_1213 - ST 2:628	GCF_016906265.1 | Streptomyces californicus FDAARGOS_1210 - ST 128:629
GCF_000715745.1 | Streptomyces californicus NRRL B-3320 - ST 2:603	1.0	0.9964403632000001	0.9837390808	0.996397328	0.9964670014	0.9967114388	0.9964536023	0.9967180965	0.9838207009000001
GCF_000717645.1 | Streptomyces californicus NRRL B-2098 - ST 2:604	0.9964403632000001	1.0	0.9862231202	0.9998082977	0.9998989232000001	0.9995756367	0.9998496029	0.9995959143	0.9862522439
GCF_000717665.1 | Streptomyces californicus NRRL 2423 - ST 49:605	0.9837390808	0.9862231202	1.0	0.9862404650000001	0.9862277271000001	0.9861726758	0.9862108684	0.9861840096000001	0.9885592559
GCF_000718245.1 | Streptomyces californicus NRRL B-2988 - ST 2:609	0.996397328	0.9998082977	0.9862404650000001	1.0	0.9998988618	0.9996115837	0.9998755773	0.9996275353	0.9862485127
GCF_016906185.1 | Streptomyces californicus FDAARGOS_1209 - ST 2:625	0.9964670014	0.9998989232000001	0.9862277271000001	0.9998988618	1.0	0.9994650265	0.9999174285	0.9994712815000001	0.9861562066
GCF_016906205.1 | Streptomyces californicus FDAARGOS_1212 - ST 2:626	0.9967114388	0.9995756367	0.9861726758	0.9996115837	0.9994650265	1.0	0.9994495498	0.9999887472000001	0.9860850097
GCF_016906225.1 | Streptomyces californicus FDAARGOS_1211 - ST 2:627	0.9964536023	0.9998496029	0.9862108684	0.9998755773	0.9999174285	0.9994495498	1.0	0.9994631942000001	0.986112721
GCF_016906245.1 | Streptomyces californicus FDAARGOS_1213 - ST 2:628	0.9967180965	0.9995959143	0.9861840096000001	0.9996275353	0.9994712815000001	0.9999887472000001	0.9994631942000001	1.0	0.9861053934
GCF_016906265.1 | Streptomyces californicus FDAARGOS_1210 - ST 128:629	0.9838207009000001	0.9862522439	0.9885592559	0.9862485127	0.9861562066	0.9860850097	0.986112721	0.9861053934	1.0
